1                   1                   1                   21569               11506.74            1.87                2.07                19563340.73         
2                   1                   1                   18081               9308.79             1.94                2.11                15826467.37         
3                   1                   1                   48097               58048.46            0.83                0.71                98691886.53         
4                   1                   1                   4730                8792.82             0.54                0.52                14949230.49         
5                   1                   1                   4088                7240.78             0.56                0.55                12310514.59         
6                   1                   1                   3416                6323.42             0.54                0.53                10750845.59         
7                   1                   1                   5550                8867.44             0.63                0.61                15076108.54         
8                   1                   1                   5345                8097.78             0.66                0.64                13767558.38         
9                   1                   1                   8975                6329.07             1.42                1.45                10760462.66         
10                  1                   1                   6805                9250.04             0.74                0.72                15726591.87         
11                  1                   1                   6812                4849.63             1.40                1.43                8245160.80          
12                  1                   1                   629                 224.42              2.80                2.81                381548.43           
13                  1                   1                   11355               9256.76             1.23                1.25                15738011.41         
14                  1                   1                   3059                2319.44             1.32                1.33                3943422.15          
15                  1                   1                   168                 428.15              0.39                0.39                727928.05           
16                  1                   1                   370                 649.50              0.57                0.57                1104255.55          
17                  1                   1                   36                  140.74              0.26                0.26                239273.06           
18                  1                   1                   991                 722.39              1.37                1.38                1228178.03          
19                  1                   1                   614                 459.89              1.34                1.34                781891.31           
20                  1                   1                   1877                2172.75             0.86                0.86                3694038.47          
21                  1                   1                   5                   32.60               0.15                0.15                55431.86            
22                  1                   1                   1634                1881.63             0.87                0.87                3199081.67          
23                  1                   1                   502                 388.05              1.29                1.29                659741.10           
24                  1                   1                   277                 366.80              0.76                0.75                623624.55           
25                  1                   1                   16                  43.73               0.37                0.37                74340.63            
26                  1                   1                   16                  36.79               0.43                0.43                62551.99            
