1                   432375                          -28.350000          -54.490000          879.13              2018/1/1          2018/12/31        1452                382.550766          1e-017              3467                2210.39             1.57                1.78                36333590.00         F 
2                   430187                          -30.200000          -57.550000          954.63              2018/1/1          2018/12/31        1096                378.136652          1e-017              2576                1490.72             1.73                1.91                24503935.00         T 
3                   351380                          -23.680000          -46.620000          25.52               2018/1/1          2018/12/31        13                  303.925271          1e-017              347                 1000.40             0.35                0.33                16444211.00         T 
4                   291360                          -14.780000          -39.040000          396.43              2018/1/1          2018/12/31        340                 102.428152          1e-017              384                 726.31              0.53                0.51                11938849.00         T 
5                   330070                          -22.870000          -42.010000          180.23              2018/1/1          2018/12/31        94                  76.777200           1e-017              626                 975.00              0.64                0.62                16026667.00         T 
6                   210290                          -1.190000           -46.020000          498.83              2018/1/1          2018/12/31        252                 73.506300           1e-017              401                 687.03              0.58                0.57                11293084.00         T 
7                   220820                          -6.830000           -40.570000          350.52              2018/1/1          2018/12/31        446                 61.399867           1e-017              816                 545.02              1.50                1.53                8958787.00          T 
8                   311160                          -21.230000          -45.750000          179.86              2018/1/1          2018/12/31        261                 60.322647           1e-017              540                 326.09              1.66                1.69                5360224.00          T 
9                   314460                          -21.230000          -45.230000          141.43              2018/1/1          2018/12/31        161                 50.836858           1.11022e-016        325                 176.46              1.84                1.86                2900512.00          F 
10                  260680                          -7.830000           -34.900000          231.38              2018/1/1          2018/12/31        329                 50.703317           2.22045e-016        587                 856.33              0.69                0.67                14075999.00         T 
11                  130390                          -3.370000           -68.870000          468.76              2018/1/1          2018/12/31        20                  34.917737           0.000000000152      88                  31.01               2.84                2.85                509795.00           T 
12                  353380                          -22.940000          -49.340000          174.82              2018/1/1          2018/12/31        217                 31.097297           0.00000000422       423                 282.43              1.50                1.51                4642468.00          T 
13                  520215                          -15.090000          -50.630000          587.74              2018/1/1          2018/12/31        466                 22.239026           0.00000932          1084                886.29              1.22                1.24                14568570.00         T 
14                  317130                          -20.750000          -42.880000          68.71               2018/1/1          2018/12/31        64                  15.632463           0.00291             98                  52.63               1.86                1.87                865186.00           T 
15                  320010                          -20.070000          -41.120000          34.57               2018/1/1          2018/12/31        6                   13.328992           0.0290              23                  6.21                3.70                3.71                102119.00           T 
16                  130356                          -2.690000           -59.700000          411.02              2018/1/1          2018/12/31        37                  11.975287           0.0670              138                 203.21              0.68                0.68                3340257.00          F 
17                  130110                          -3.760000           -60.360000          296.93              2018/1/1          2018/12/31        24                  11.269148           0.119               121                 180.56              0.67                0.67                2968003.00          F 
18                  510558                          -11.130000          -54.590000          842.91              2018/1/1          2018/12/31        439                 10.430049           0.235               759                 643.08              1.18                1.19                10570782.00         F 
19                  240380                          -6.120000           -36.810000          64.69               2018/1/1          2018/12/31        28                  9.093593            0.563               46                  22.81               2.02                2.02                375007.00           F 
20                  313510                          -15.800000          -43.300000          0                   2018/1/1          2018/12/31        1                   6.912661            0.996               15                  4.79                3.13                3.13                78769.00            F 
21                  290740                          -12.310000          -44.860000          35.85               2018/1/1          2018/12/31        4                   6.784614            0.998               2                   12.44               0.16                0.16                204403.00           F 
22                  171050                          -8.390000           -47.760000          77.09               2018/1/1          2018/12/31        7                   6.704514            0.998               9                   1.95                4.61                4.61                32108.00            F 
