11.552617           
8.676743            
8.663757            
9.380616            
7.783757            
10.744057           
8.367956            
9.729753            
8.187633            
8.914971            
11.063525           
10.193402           
8.619906            
11.582289           
9.008458            
9.464482            
7.935012            
10.293299           
10.641854           
10.646590           
7.910349            
8.695082            
12.564107           
11.759882           
8.253437            
9.215693            
11.211192           
10.064993           
8.181382            
7.415676            
9.386180            
11.117769           
9.857528            
8.495066            
10.932570           
7.987542            
9.273063            
7.980061            
7.788550            
8.372733            
9.133071            
7.993125            
7.097552            
7.802448            
11.253456           
8.857895            
10.417348           
9.592307            
8.544133            
10.293211           
11.087165           
8.254843            
8.674042            
9.844133            
11.329635           
8.505780            
10.422485           
8.882508            
8.808874            
11.127145           
7.648806            
10.754149           
13.571814           
8.685454            
13.151716           
8.579366            
9.599215            
10.862997           
10.053242           
10.545988           
8.352166            
10.764069           
9.254283            
8.421283            
9.426461            
9.115708            
9.045494            
9.483395            
8.290217            
13.693097           
13.935885           
8.760837            
12.341715           
7.934504            
9.125209            
10.683098           
9.200526            
8.682571            
8.720616            
10.189909           
10.682265           
8.333622            
10.857427           
11.972473           
10.710878           
8.036185            
8.393950            
8.751603            
8.886101            
12.834075           
7.585381            
10.159814           
12.380959           
9.786407            
8.424571            
10.865429           
11.016224           
10.033240           
8.748070            
7.155483            
9.883006            
7.506850            
9.266407            
11.677792           
7.613387            
8.462087            
10.287232           
7.866839            
8.913479            
9.795908            
11.425221           
7.625581            
8.909329            
8.402346            
7.383626            
11.577936           
8.164448            
9.211236            
8.914850            
8.696142            
12.384711           
8.395605            
9.075403            
10.415500           
10.491002           
9.881493            
10.093206           
13.484268           
9.060952            
10.116522           
14.179786           
8.629089            
10.960911           
9.631949            
7.777917            
9.363929            
9.937872            
12.187222           
10.961546           
10.225060           
9.508279            
8.984661            
12.376913           
9.310796            
7.988399            
8.468556            
13.030575           
9.152828            
8.752331            
11.095791           
9.343099            
11.804313           
7.804452            
9.286691            
8.496040            
10.463359           
8.718769            
9.110124            
10.798671           
7.540615            
8.385198            
7.931655            
8.823584            
9.025204            
9.935861            
11.681230           
8.654686            
8.566006            
8.496710            
8.312686            
8.182735            
10.046248           
13.681259           
9.465418            
8.184182            
9.768406            
10.570846           
8.732235            
13.270110           
8.863897            
7.543293            
10.856757           
8.184947            
10.717983           
7.629610            
8.940264            
7.095216            
8.609032            
10.160295           
8.399733            
7.295381            
7.837442            
13.751067           
10.357854           
8.309350            
9.999664            
7.803071            
12.504468           
9.666986            
9.697133            
9.799722            
8.656030            
10.379446           
9.204446            
8.486470            
9.349080            
11.255458           
7.669786            
8.007857            
10.982258           
10.740298           
10.390241           
10.241794           
11.957573           
8.923341            
8.697908            
9.377461            
9.309596            
8.599452            
11.655482           
9.337302            
9.030378            
10.698664           
10.789924           
9.034524            
11.704952           
8.260303            
10.512782           
10.698407           
9.318712            
10.693869           
8.384500            
8.703823            
8.904712            
6.864237            
9.119616            
11.876392           
10.222927           
10.694698           
9.236628            
11.011090           
8.381775            
8.086359            
8.419974            
10.887139           
10.321988           
8.362710            
11.534764           
9.268454            
10.255386           
9.146671            
9.983712            
7.813429            
9.042762            
11.110189           
8.600444            
8.179177            
7.342727            
8.078768            
9.936454            
9.568856            
9.154665            
8.927013            
8.224803            
9.189896            
9.301667            
7.926348            
9.369347            
8.024013            
11.053136           
8.956672            
7.904011            
8.117995            
11.067919           
10.291363           
10.983222           
12.231003           
10.404157           
10.879891           
9.224093            
9.139188            
10.630754           
8.348543            
9.205003            
8.880886            
9.010791            
10.992676           
8.462537            
8.381941            
8.301857            
9.122725            
11.431025           
9.123546            
9.215174            
7.802441            
8.623273            
6.659946            
7.778732            
9.589883            
9.791916            
10.725162           
8.774252            
12.160131           
9.967882            
9.391508            
7.610038            
8.639710            
7.399108            
10.729191           
11.282230           
10.919951           
8.281728            
10.199573           
11.193478           
9.678503            
12.096102           
8.505050            
7.830180            
8.772424            
10.105604           
11.905050           
10.804112           
9.508644            
10.046484           
8.234925            
8.060800            
8.360285            
7.807339            
9.993394            
8.228494            
8.233330            
10.356083           
9.456634            
9.349492            
9.546805            
10.691763           
12.945364           
8.958769            
10.244298           
10.306003           
12.060965           
8.729718            
11.015421           
8.864959            
8.874778            
8.236707            
9.590322            
10.599096           
9.663371            
7.606664            
9.283076            
8.476986            
7.769801            
7.799471            
10.261468           
8.031924            
9.257090            
8.227941            
7.424871            
11.510241           
10.405944           
9.971499            
9.772471            
13.653357           
9.472973            
13.367074           
9.065077            
9.358080            
7.456808            
9.138232            
8.141438            
8.534027            
8.421527            
12.732866           
10.621227           
7.229360            
9.660183            
10.498887           
10.331350           
7.803725            
9.266284            
10.287361           
9.197847            
10.023127           
7.242290            
11.464641           
8.980446            
9.553316            
11.012777           
8.479360            
10.239211           
7.091203            
8.299248            
11.047628           
8.090972            
12.125881           
11.639192           
8.745117            
9.810884            
9.098820            
11.116805           
12.563887           
9.040097            
9.432207            
10.239139           
9.654631            
10.627875           
8.574215            
10.224815           
9.041791            
8.217152            
11.241584           
9.138252            
10.354327           
8.415683            
7.262877            
10.345598           
10.616434           
8.098094            
14.831242           
11.178120           
9.998221            
8.794865            
8.219541            
9.116892            
11.225333           
9.330201            
9.374179            
9.949698            
12.572500           
8.999581            
10.796571           
11.303318           
9.071231            
9.880149            
9.514828            
11.822175           
8.102510            
7.991209            
9.075736            
7.395318            
9.355922            
9.102935            
11.930062           
8.047777            
10.569168           
10.948338           
10.381176           
8.695691            
7.160799            
8.119971            
11.185182           
9.699914            
10.442657           
10.523460           
7.944995            
10.204816           
10.512771           
8.310002            
9.115673            
8.406374            
8.472689            
8.425230            
8.993936            
11.884924           
10.098418           
7.757678            
11.926021           
7.798716            
7.963047            
7.578234            
9.211453            
8.759866            
11.583846           
11.246625           
11.522525           
9.228267            
10.836091           
7.649956            
7.457841            
9.356506            
10.316505           
8.136570            
8.401133            
9.181681            
8.193545            
8.223953            
10.414452           
9.244724            
13.765278           
12.311367           
6.894498            
7.117927            
9.915279            
9.194992            
10.005784           
9.824073            
9.259750            
10.177928           
7.401213            
7.896235            
9.759113            
9.183280            
9.282471            
9.382742            
9.017504            
7.983650            
11.404796           
8.549307            
9.168565            
7.980157            
10.331608           
10.793950           
7.756894            
9.077281            
8.759897            
8.620351            
8.133245            
9.264422            
11.769386           
7.913219            
11.945635           
9.031394            
9.217369            
8.804080            
7.828566            
10.715752           
8.736116            
9.526748            
9.054057            
9.433503            
9.129178            
10.772624           
8.713157            
7.964341            
11.269385           
8.711859            
9.651230            
8.740339            
9.356857            
7.305091            
8.732716            
9.102264            
12.566062           
8.788233            
11.975945           
9.557564            
10.922323           
8.064261            
10.706127           
11.123103           
8.501272            
8.821376            
10.862532           
8.243297            
7.927273            
12.898415           
8.482337            
10.325885           
10.348891           
7.798076            
8.248875            
8.927715            
7.673621            
8.632272            
11.243924           
10.660095           
10.015194           
10.003507           
7.768416            
9.551992            
9.259397            
10.521390           
8.327230            
8.484152            
10.412709           
10.409414           
9.723003            
14.563619           
12.272367           
8.694619            
8.917071            
8.019720            
7.839527            
10.928021           
9.012598            
9.375749            
11.532073           
10.346414           
11.324873           
9.630942            
8.063570            
8.766690            
8.157645            
10.004291           
10.841535           
9.664631            
10.394665           
9.191781            
10.324180           
8.816708            
8.520356            
8.940618            
9.286775            
11.161721           
6.930447            
8.737346            
8.626485            
10.223597           
9.459982            
9.716276            
13.769313           
13.404981           
7.638007            
8.921722            
10.596725           
8.890296            
10.014051           
8.986368            
8.962182            
10.142270           
7.933490            
13.420213           
9.760402            
8.468730            
10.026331           
11.287071           
7.969814            
8.608340            
8.588946            
12.605009           
10.181031           
9.797524            
8.960813            
8.886560            
11.329675           
11.662500           
10.165858           
10.886470           
8.935857            
8.998040            
12.103436           
14.205802           
9.480904            
9.718261            
9.199393            
8.950798            
11.822900           
7.790328            
11.850849           
12.891788           
9.474337            
10.455276           
11.604631           
8.545411            
8.660666            
8.700040            
7.837188            
9.093255            
10.292645           
8.388836            
13.096512           
9.539810            
10.639475           
8.994144            
13.755251           
8.584348            
8.898257            
11.456835           
7.467340            
9.874967            
9.010405            
10.999930           
10.098577           
8.721580            
9.294110            
9.718444            
8.600383            
9.350474            
8.471750            
12.028754           
7.970441            
9.149780            
8.929929            
9.763600            
14.373891           
9.794715            
10.799186           
8.971801            
9.599148            
12.500133           
13.166852           
9.604803            
12.303110           
7.491360            
10.441268           
8.886948            
9.418733            
6.277329            
8.130118            
9.677652            
8.375670            
8.949143            
9.716387            
9.854395            
9.217650            
8.024531            
8.980286            
10.150758           
10.503101           
11.796103           
10.092208           
8.307404            
8.907825            
10.260361           
14.433903           
8.817839            
9.994890            
8.814713            
8.784576            
9.415133            
8.789879            
8.669799            
9.027161            
10.164475           
9.200972            
8.101443            
9.684914            
15.180155           
8.451962            
7.548102            
10.327103           
9.345213            
7.346902            
10.359009           
10.613937           
9.824209            
12.016177           
10.119779           
8.394924            
9.875066            
9.068801            
9.529056            
7.500859            
11.065589           
8.514705            
9.178278            
11.844039           
9.636379            
7.149655            
10.294375           
8.860077            
9.113374            
8.838638            
8.273902            
10.597185           
8.923220            
8.720068            
10.004040           
9.423410            
13.698190           
9.922030            
8.145760            
9.150117            
11.722433           
10.023875           
8.028063            
8.898807            
9.463592            
8.341044            
8.952092            
8.953058            
8.073127            
9.679285            
9.448067            
8.970784            
10.065236           
9.923457            
10.009370           
9.263649            
8.444477            
9.324661            
8.561970            
9.256126            
8.171206            
8.435717            
10.408283           
8.933729            
10.003000           
8.777552            
8.231168            
9.166737            
16.654309           
9.060814            
9.451461            
10.244247           
9.346655            
9.441735            
8.745039            
9.360013            
9.833943            
8.044515            
8.981785            
7.963565            
9.467492            
8.538529            
8.706310            
11.173440           
9.305276            
10.832375           
11.881024           
8.257742            
10.031952           
9.047058            
8.318420            
9.156875            
8.676902            
8.190038            
9.127698            
8.807053            
9.904804            
9.766263            
7.658763            
8.891279            
8.403519            
8.828592            
9.920700            
10.257368           
9.010535            
8.190686            
9.619136            
9.835388            
11.983904           
11.931599           
9.495439            
7.225108            
8.903799            
10.637463           
8.022549            
10.504585           
9.815428            
9.336406            
8.728766            
8.100861            
7.933868            
13.914439           
10.758423           
7.686648            
8.138391            
7.306502            
8.521125            
8.651252            
10.139148           
10.151875           
10.424425           
12.164397           
11.152859           
8.905829            
11.164405           
11.250004           
8.067248            
8.344548            
8.303254            
8.550249            
8.375184            
9.938322            
7.957861            
13.802819           
9.296838            
8.678990            
8.978858            
9.463774            
11.245899           
9.795570            
9.627093            
8.108626            
9.370516            
8.063213            
8.236647            
8.655381            
12.781245           
9.373277            
9.430244            
10.170233           
9.759113            
9.844299            
9.735912            
9.136316            
8.666674            
10.811331           
9.629160            
10.967163           
8.577693            
11.624031           
10.305206           
9.011426            
8.296000            
7.793641            
7.866179            
9.977685            
8.132786            
8.009515            
9.888840            
8.694228            
10.362304           
8.130237            
9.544077            
8.258988            
9.071961            
10.747641           
9.010067            
8.666659            
14.300362           
11.149227           
10.018675           
8.638144            
9.956989            
7.881462            
10.876818           
8.940075            
7.685975            
10.068148           
10.288364           
14.586796           
9.181487            
8.678189            
9.216346            
10.519117           
10.007153           
8.448252            
8.417692            
9.991267            
8.573536            
8.513196            
8.480699            
8.290928            
8.235794            
9.806473            
7.952901            
11.817121           
8.203499            
9.977365            
9.429531            
9.036576            
10.292959           
7.616339            
11.362053           
9.601328            
8.922582            
7.673333            
11.906511           
7.956708            
8.991074            
9.646342            
7.600513            
10.022846           
10.144658           
8.466541            
10.815269           
11.206873           
8.720189            
9.945173            
10.237047           
11.272717           
8.536825            
9.127409            
8.905537            
10.234678           
14.146116           
9.610256            
11.042701           
11.971087           
8.340270            
9.938172            
8.603488            
7.624359            
8.961925            
8.918349            
8.816259            
9.066527            
8.306195            
10.070722           
9.917653            
13.317815           
9.206338            
8.296853            
9.598967            
14.129149           
9.587021            
