1                   432240                          -29.750000          -57.080000          902.72              2012/1/1          2012/12/31        1113                369.051748          1e-017              2247                1259.75             1.78                2.00                23726158.00         F 
2                   431710                          -30.890000          -55.530000          803.24              2012/1/1          2012/12/31        945                 355.313028          1e-017              1927                1029.64             1.87                2.07                19392320.00         T 
3                   290630                          -15.670000          -38.940000          972.89              2012/1/1          2012/12/31        1856                125.483127          1e-017              2941                3698.78             0.80                0.71                69662781.00         F 
4                   330520                          -22.830000          -42.100000          164.58              2012/1/1          2012/12/31        84                  124.763564          1e-017              399                 786.97              0.51                0.49                14821702.00         T 
5                   150611                          -0.900000           -47.000000          631.48              2012/1/1          2012/12/31        343                 94.590324           1e-017              384                 708.22              0.54                0.52                13338645.00         T 
6                   291685                          -12.710000          -39.690000          203.30              2012/1/1          2012/12/31        175                 80.349491           1e-017              185                 410.06              0.45                0.44                7722985.00          T 
7                   260720                          -8.390000           -35.060000          293.76              2012/1/1          2012/12/31        463                 47.195471           1.11022e-016        581                 836.61              0.69                0.68                15756699.00         T 
8                   315550                          -19.190000          -46.240000          367.44              2012/1/1          2012/12/31        617                 36.072379           0.00000000000419    1237                975.20              1.27                1.31                18366890.00         T 
9                   315180                          -21.780000          -46.560000          81.27               2012/1/1          2012/12/31        61                  31.219450           0.000000000450      168                 85.59               1.96                1.98                1612049.00          F 
10                  130380                          -0.120000           -67.080000          0                   2012/1/1          2012/12/31        1                   29.690223           0.00000000196       21                  2.08                10.12               10.13               39097.00            T 
11                  231126                          -5.840000           -40.700000          212.61              2012/1/1          2012/12/31        151                 23.789618           0.000000579         238                 147.47              1.61                1.63                2777542.00          T 
12                  351510                          -23.830000          -46.810000          35.65               2012/1/1          2012/12/31        17                  20.221987           0.0000180           145                 234.58              0.62                0.61                4418009.00          T 
13                  510270                          -13.550000          -52.160000          457.06              2012/1/1          2012/12/31        212                 19.798186           0.0000271           231                 148.68              1.55                1.57                2800243.00          T 
14                  293135                          -17.530000          -39.740000          189.26              2012/1/1          2012/12/31        67                  13.423441           0.0130              40                  82.10               0.49                0.49                1546240.00          T 
15                  130020                          -4.370000           -70.190000          183.76              2012/1/1          2012/12/31        4                   13.025657           0.0160              25                  7.33                3.41                3.42                137991.00           T 
16                  240130                          -5.860000           -37.310000          83.39               2012/1/1          2012/12/31        53                  12.593408           0.0290              81                  43.89               1.85                1.85                826571.00           T 
17                  350290                          -23.500000          -47.610000          134.22              2012/1/1          2012/12/31        150                 12.485536           0.0360              1303                1477.75             0.88                0.86                27831922.00         F 
18                  353580                          -23.380000          -48.720000          105.64              2012/1/1          2012/12/31        68                  12.237974           0.0450              128                 80.06               1.60                1.61                1507824.00          T 
19                  290740                          -12.310000          -44.860000          197.82              2012/1/1          2012/12/31        38                  11.845366           0.0580              15                  42.39               0.35                0.35                798424.00           F 
20                  510785                          -11.610000          -50.660000          192.28              2012/1/1          2012/12/31        22                  9.389735            0.475               33                  13.94               2.37                2.37                262622.00           F 
21                  350850                          -23.100000          -45.700000          58.01               2012/1/1          2012/12/31        26                  9.244270            0.527               54                  91.87               0.59                0.59                1730242.00          F 
22                  110143                          -10.900000          -62.560000          121.40              2012/1/1          2012/12/31        22                  8.601054            0.743               6                   22.52               0.27                0.27                424235.00           F 
23                  320455                          -20.040000          -40.740000          37.55               2012/1/1          2012/12/31        9                   7.886853            0.915               23                  8.81                2.61                2.61                165973.00           F 
