1                   1                   1                   2247                1259.75             1.78                2.00                23726158.00         
2                   1                   1                   1927                1029.64             1.87                2.07                19392320.00         
3                   1                   1                   2941                3698.78             0.80                0.71                69662781.00         
4                   1                   1                   399                 786.97              0.51                0.49                14821702.00         
5                   1                   1                   384                 708.22              0.54                0.52                13338645.00         
6                   1                   1                   185                 410.06              0.45                0.44                7722985.00          
7                   1                   1                   581                 836.61              0.69                0.68                15756699.00         
8                   1                   1                   1237                975.20              1.27                1.31                18366890.00         
9                   1                   1                   168                 85.59               1.96                1.98                1612049.00          
10                  1                   1                   21                  2.08                10.12               10.13               39097.00            
11                  1                   1                   238                 147.47              1.61                1.63                2777542.00          
12                  1                   1                   145                 234.58              0.62                0.61                4418009.00          
13                  1                   1                   231                 148.68              1.55                1.57                2800243.00          
14                  1                   1                   40                  82.10               0.49                0.49                1546240.00          
15                  1                   1                   25                  7.33                3.41                3.42                137991.00           
16                  1                   1                   81                  43.89               1.85                1.85                826571.00           
17                  1                   1                   1303                1477.75             0.88                0.86                27831922.00         
18                  1                   1                   128                 80.06               1.60                1.61                1507824.00          
19                  1                   1                   15                  42.39               0.35                0.35                798424.00           
20                  1                   1                   33                  13.94               2.37                2.37                262622.00           
21                  1                   1                   54                  91.87               0.59                0.59                1730242.00          
22                  1                   1                   6                   22.52               0.27                0.27                424235.00           
23                  1                   1                   23                  8.81                2.61                2.61                165973.00           
