8.380761            
9.578204            
9.074712            
10.096914           
8.055597            
7.971814            
8.855681            
9.148200            
8.533483            
8.118995            
9.685042            
6.881806            
7.512765            
7.897848            
10.576197           
9.828022            
9.443754            
8.167165            
9.161530            
8.604477            
10.200710           
10.063069           
9.705744            
8.466964            
8.938289            
10.995878           
8.181255            
9.558317            
9.483374            
10.855306           
8.954859            
8.119479            
10.176736           
11.033255           
10.776853           
7.878706            
8.918340            
12.385606           
9.982653            
8.590273            
7.672295            
10.265125           
9.268161            
11.990561           
6.975789            
7.749232            
8.179420            
10.440921           
9.098955            
8.996764            
8.989589            
10.451333           
11.453796           
9.949443            
10.048656           
10.026305           
7.093426            
8.583373            
7.894435            
8.405523            
7.834714            
8.394205            
8.509224            
9.351025            
8.879480            
9.449270            
8.366767            
7.121504            
9.659221            
10.533313           
8.320013            
12.835852           
7.349326            
9.195533            
10.391356           
10.842239           
11.595464           
11.788674           
8.547809            
9.086370            
8.554399            
8.139849            
9.534095            
8.297637            
10.984642           
8.822534            
11.142056           
7.910010            
9.816809            
9.075626            
10.537751           
9.063843            
10.509297           
9.140356            
9.858548            
8.026066            
9.831177            
8.956700            
9.273585            
9.571881            
11.562234           
10.428000           
9.605299            
7.758960            
8.931816            
8.376483            
10.984713           
13.424297           
9.504991            
8.588097            
11.130951           
8.715976            
7.452762            
8.947974            
8.384130            
9.469637            
9.620805            
8.901214            
12.346559           
10.210955           
10.272705           
9.749554            
8.047460            
8.354151            
8.963762            
7.747741            
12.436840           
8.759540            
8.802479            
9.506400            
8.070577            
10.084329           
10.303917           
8.845378            
7.459527            
8.321299            
7.931261            
8.153272            
7.002304            
8.711555            
8.960718            
9.357233            
8.455022            
11.114510           
7.717823            
8.246161            
8.391495            
7.645045            
8.483255            
9.888041            
9.769783            
8.570526            
8.569511            
9.544775            
8.640286            
9.421786            
10.615392           
11.540287           
9.247924            
10.244152           
8.514543            
11.059571           
11.794426           
11.436605           
8.647781            
8.818580            
10.372220           
11.728384           
8.883146            
9.171886            
8.945422            
8.083454            
11.230561           
8.963337            
10.151882           
7.775380            
8.485110            
8.564093            
8.802225            
7.729160            
9.672166            
10.300536           
9.298594            
9.243185            
11.715883           
8.945203            
9.053038            
8.830094            
10.206111           
8.794913            
8.623029            
11.379883           
9.440507            
10.747610           
9.033086            
12.832223           
11.043405           
8.183523            
8.617300            
9.899577            
8.286037            
8.259472            
9.318648            
8.797005            
11.372957           
7.878772            
8.086880            
10.915883           
8.730845            
12.536127           
10.041160           
9.713343            
8.947873            
8.696675            
8.149582            
11.114978           
9.292281            
7.878887            
7.842391            
9.284821            
10.254484           
9.392997            
7.300370            
8.767197            
9.890017            
9.131996            
10.274104           
8.119252            
8.696038            
9.352076            
9.207077            
10.834984           
11.183865           
9.587877            
8.102477            
7.709830            
9.285221            
8.040353            
7.370378            
10.361803           
10.493040           
9.840263            
9.827392            
9.683550            
9.319699            
9.686355            
10.971988           
7.861354            
10.239986           
10.274546           
9.628441            
10.181561           
12.811888           
10.480982           
10.198279           
9.508505            
9.287879            
9.203635            
8.967376            
9.443276            
9.487646            
10.962457           
10.161671           
9.054752            
8.744342            
10.743951           
9.285381            
7.772148            
11.375245           
9.328493            
9.552940            
11.496403           
11.876866           
8.930230            
10.124959           
8.312703            
11.886429           
10.559642           
8.944951            
11.469578           
9.210718            
8.857754            
8.193608            
7.117331            
7.682393            
9.869071            
8.657900            
7.734283            
9.997109            
9.287224            
9.280685            
8.793778            
7.862632            
8.157634            
8.005341            
9.814629            
9.959585            
8.858954            
8.089806            
8.631791            
7.579574            
9.131658            
9.060922            
9.745997            
11.309806           
10.892950           
10.434543           
8.217147            
9.539470            
9.006219            
9.004822            
7.823773            
11.195880           
9.251324            
7.829892            
8.035555            
9.426216            
7.190548            
8.653519            
9.053279            
10.638584           
9.595034            
9.556922            
7.805087            
8.092394            
9.135231            
10.883960           
10.520894           
8.688973            
9.441301            
10.378792           
10.383290           
7.712138            
9.938277            
9.386470            
10.622608           
8.928039            
9.261360            
10.829167           
11.288332           
9.219415            
11.449273           
10.232971           
7.260390            
8.922737            
8.988588            
11.088545           
10.155431           
10.375083           
11.915807           
8.453349            
7.978455            
8.891881            
10.292710           
9.863275            
9.731797            
8.845358            
10.178547           
9.128545            
8.951491            
7.857501            
9.879309            
9.095415            
9.825863            
7.775582            
8.742317            
8.093869            
7.898229            
10.314187           
15.039593           
8.662669            
9.774679            
8.866486            
10.377568           
8.321767            
10.471922           
8.335580            
8.659424            
10.078501           
10.334443           
8.242218            
8.430658            
10.289757           
8.852607            
9.689891            
10.273705           
9.838940            
9.520649            
8.942082            
8.950455            
8.150729            
11.619206           
8.854494            
12.053606           
9.712315            
9.397060            
8.179370            
9.366757            
8.100869            
11.728341           
9.588994            
10.370939           
9.205866            
10.871677           
10.251576           
12.242789           
10.859467           
7.597376            
9.822145            
9.626407            
10.857923           
8.842055            
9.294642            
9.335301            
11.391008           
8.883482            
9.798202            
10.102654           
10.572860           
8.056609            
9.483071            
16.446764           
9.215058            
7.589660            
9.396074            
9.920443            
10.188272           
10.097107           
9.865738            
10.604661           
8.892226            
7.781083            
8.982893            
7.828080            
6.854730            
8.966642            
9.384080            
7.932405            
8.772690            
10.322769           
8.666384            
7.129037            
9.576648            
9.160229            
10.389866           
10.451147           
8.157043            
12.673985           
8.076273            
9.585716            
9.021764            
7.984676            
8.804050            
9.214222            
9.880444            
9.769038            
12.594061           
9.772417            
10.385859           
9.158723            
9.171389            
9.897016            
10.969497           
8.751983            
9.607136            
11.579656           
8.694509            
10.658554           
8.762503            
9.733486            
7.546942            
10.142828           
8.835479            
8.615046            
10.668881           
9.581126            
8.654588            
10.230448           
9.354678            
7.353163            
9.530119            
9.762170            
8.727709            
11.405238           
10.241276           
9.312431            
9.582297            
8.698821            
9.130411            
10.283130           
9.338124            
11.155675           
8.418808            
7.345519            
8.142200            
9.979450            
8.702211            
9.676156            
8.769549            
10.114302           
7.359379            
8.316577            
10.195144           
10.817349           
10.797484           
12.718718           
8.333474            
8.150873            
10.656218           
10.312223           
10.092769           
10.922237           
8.138880            
11.302948           
8.074419            
8.806242            
8.481882            
9.396026            
11.232182           
9.303794            
8.084500            
8.253819            
8.905918            
7.849004            
10.060825           
10.625793           
8.137123            
9.897027            
10.628460           
7.532791            
10.016022           
8.999095            
10.186649           
9.724905            
7.903890            
14.759633           
11.720618           
10.286578           
12.459445           
10.092607           
7.973486            
9.207145            
8.602405            
10.129754           
9.037087            
9.256193            
9.864883            
9.557478            
8.711653            
12.037243           
10.063442           
9.359357            
9.350608            
8.355904            
7.338339            
7.745348            
9.282873            
9.736988            
8.695329            
8.811836            
9.325303            
8.018225            
9.986242            
8.939723            
8.933477            
7.801778            
8.687676            
7.354385            
9.197047            
7.447621            
8.332581            
13.554130           
9.420702            
7.696251            
8.381852            
14.410500           
10.607195           
9.975812            
8.985869            
7.777267            
9.756963            
9.682157            
11.563352           
8.429798            
8.554607            
9.711420            
11.051894           
8.214772            
8.805779            
10.807226           
8.766948            
9.374104            
6.933171            
8.122856            
8.221711            
8.734509            
8.219964            
9.515772            
11.079201           
8.611595            
8.807354            
10.722391           
9.540159            
10.639504           
9.592294            
8.653228            
8.677568            
12.517874           
9.412051            
9.389679            
8.227068            
9.496219            
8.814435            
8.829184            
8.127466            
12.515828           
10.628224           
10.043400           
9.700684            
8.229815            
9.739594            
9.441697            
10.560734           
12.093414           
11.147939           
8.622730            
12.490954           
9.616771            
9.786246            
9.389945            
9.052580            
9.089879            
7.681479            
7.273994            
10.078234           
8.883678            
8.072136            
8.069246            
8.167437            
8.198603            
11.396098           
7.875736            
10.966921           
9.575723            
8.754598            
11.872659           
8.291807            
10.310773           
9.576945            
7.413871            
9.128655            
10.058319           
11.190907           
8.051894            
11.419311           
7.782934            
8.464598            
9.662174            
10.504258           
7.454641            
12.174669           
8.268097            
10.143341           
9.103605            
10.038875           
8.830424            
9.006993            
7.685472            
9.637241            
9.182974            
10.554576           
11.318109           
12.934267           
9.829191            
9.991034            
8.237574            
8.665295            
8.480864            
9.354815            
9.153502            
8.581433            
8.991381            
13.492525           
11.428876           
10.519151           
8.913002            
8.420490            
8.768578            
12.511211           
9.264741            
10.321771           
7.869632            
8.609478            
10.305134           
11.074800           
9.110035            
12.501670           
10.572022           
10.109489           
7.860107            
8.827331            
8.941154            
8.990282            
8.956057            
10.404242           
9.637310            
7.620462            
8.193573            
8.145733            
8.707096            
8.280400            
7.548430            
8.386500            
9.760280            
8.177776            
8.857243            
8.116482            
8.271710            
9.519106            
7.993846            
10.398795           
9.415005            
8.352225            
8.250784            
13.098209           
12.525243           
9.985172            
9.594493            
10.659346           
9.683360            
9.969624            
9.070378            
10.528223           
8.011225            
8.036177            
9.540313            
11.282235           
9.824620            
10.132999           
9.664820            
8.842493            
10.336065           
8.726381            
8.910253            
8.405523            
9.463708            
8.587579            
10.288307           
9.503005            
9.405287            
8.980391            
10.701005           
8.805846            
10.058127           
9.932439            
8.048300            
8.975932            
8.526517            
9.393849            
8.321883            
10.488564           
8.676520            
9.337728            
9.534824            
8.968864            
8.869542            
11.364420           
11.645132           
11.372685           
12.008255           
8.742240            
9.576575            
8.618825            
9.406548            
11.067699           
12.974993           
8.833609            
9.409626            
8.822914            
12.258243           
9.202351            
7.391366            
9.662117            
8.592391            
8.723606            
8.635210            
8.513183            
10.226579           
9.164970            
10.078436           
8.950397            
11.859333           
10.575889           
12.196546           
9.435163            
7.559951            
8.742718            
9.125028            
10.226815           
7.554975            
8.404246            
7.707197            
8.834697            
10.409844           
12.094370           
10.533636           
9.887577            
8.749679            
8.404696            
8.062359            
8.408483            
11.267415           
9.765733            
7.764035            
9.890423            
8.393255            
10.313707           
9.342776            
13.157816           
8.439754            
7.957963            
8.685903            
12.696318           
10.092130           
10.045200           
9.212378            
9.306471            
12.651091           
11.405430           
9.786847            
8.005290            
9.312271            
8.213307            
9.133742            
8.588808            
10.594634           
10.423426           
12.331748           
10.016426           
11.264727           
7.984889            
8.339156            
7.972561            
8.152641            
10.420852           
7.026929            
9.538720            
9.196513            
11.478610           
9.238191            
10.287483           
8.951309            
10.939708           
10.450668           
10.260289           
8.724840            
8.816168            
8.831765            
10.793860           
9.276220            
12.250262           
10.343931           
7.861241            
9.694086            
9.262580            
9.141417            
7.818926            
10.049093           
10.465592           
9.310999            
8.521148            
9.295889            
7.995799            
9.655664            
8.933184            
7.618741            
10.472187           
8.224363            
10.385238           
9.890060            
10.636064           
8.951181            
9.618867            
10.889149           
9.033928            
9.913958            
11.010985           
8.874200            
8.834444            
8.410359            
10.544768           
7.922078            
8.162044            
9.221343            
10.194378           
13.469068           
9.197991            
14.256815           
10.079420           
12.239974           
9.066167            
11.515662           
8.009888            
9.925467            
9.718757            
10.286688           
8.581415            
8.124795            
8.221363            
8.447237            
8.950564            
8.940555            
12.852497           
10.612597           
8.473169            
8.966200            
8.296798            
10.094208           
9.255292            
9.965479            
6.882168            
14.060739           
10.954030           
9.099569            
11.371274           
9.606391            
10.456830           
8.130640            
8.469304            
9.956444            
7.822182            
7.928072            
10.266189           
9.368902            
10.059467           
9.317788            
8.498093            
8.283232            
11.179957           
9.434963            
9.768385            
10.230477           
9.788776            
10.121308           
9.288354            
9.977534            
11.348135           
9.947921            
8.716048            
12.902329           
9.340515            
8.158643            
8.790152            
10.778832           
13.093850           
9.962805            
10.213421           
9.215425            
9.743540            
10.839021           
8.771343            
10.151282           
9.631931            
9.564530            
9.517939            
8.754841            
7.322199            
9.688218            
9.395047            
9.475361            
10.970829           
12.756281           
9.769358            
8.614374            
9.286552            
8.095057            
14.194370           
14.906982           
10.063970           
8.905728            
10.445353           
10.188273           
10.395351           
8.280289            
10.338508           
9.223044            
9.292183            
7.305502            
10.383407           
8.055446            
10.634886           
9.237005            
8.310905            
8.365045            
9.941295            
9.514778            
8.254849            
7.580055            
9.564573            
