9.518810            
13.321984           
11.182171           
8.072447            
8.762628            
9.085811            
12.756388           
9.806565            
9.220621            
10.188361           
9.063435            
8.948926            
8.366435            
7.890418            
12.744313           
11.295917           
10.032038           
8.819235            
8.631444            
10.243534           
13.157744           
10.133155           
9.156350            
10.180579           
8.798307            
9.204570            
11.405889           
9.029343            
8.906361            
12.154093           
9.201678            
8.990828            
10.858149           
7.808803            
8.467386            
8.726351            
10.690270           
9.700697            
10.563070           
10.177987           
8.866096            
10.110258           
11.984276           
12.069331           
9.487930            
8.261013            
14.095847           
9.793692            
9.782765            
9.948179            
13.001146           
7.346435            
9.086186            
8.806404            
8.297031            
11.466314           
11.611701           
11.185509           
8.219144            
8.276864            
9.529143            
8.646405            
10.078847           
10.521056           
9.302324            
8.990225            
8.703948            
8.719020            
10.655228           
11.545032           
8.978874            
9.306616            
7.977235            
9.760775            
11.506173           
8.984421            
8.394816            
9.262106            
11.459360           
10.275635           
7.476216            
10.358463           
9.133910            
12.931514           
9.137463            
8.918076            
11.313385           
8.688928            
10.549528           
9.663700            
11.036021           
9.546243            
10.656706           
9.666538            
7.254517            
8.192174            
8.343952            
9.545963            
8.256294            
7.652733            
12.123573           
9.683883            
12.194370           
10.498123           
11.305941           
13.898075           
9.653851            
9.547170            
9.911481            
8.438811            
9.683192            
8.439410            
9.259519            
8.275241            
7.841195            
11.073509           
10.884563           
8.792180            
10.915087           
10.949665           
8.750007            
7.479031            
9.249515            
10.156929           
11.306479           
9.865407            
9.748943            
10.293200           
8.680485            
9.550421            
7.901176            
9.672625            
9.654998            
8.610291            
7.468568            
8.186378            
8.717991            
9.892248            
8.394177            
8.665234            
8.129454            
11.090793           
8.721785            
8.681556            
8.907567            
8.669113            
9.452867            
9.113961            
8.275678            
10.257587           
8.592847            
10.517564           
12.764116           
9.618371            
7.826439            
10.806886           
10.184229           
9.764700            
8.267900            
9.717307            
9.570809            
12.121350           
11.239049           
9.099799            
10.704261           
9.712296            
10.530760           
10.913750           
8.934608            
14.039077           
9.178001            
8.454415            
10.280780           
12.313903           
7.986651            
11.561458           
9.189092            
9.018083            
9.194785            
14.172370           
10.175588           
11.717284           
7.887541            
8.393064            
7.841305            
16.302293           
8.002816            
9.760418            
7.779717            
9.096982            
9.386780            
10.883559           
9.207971            
10.462614           
11.376363           
7.279738            
8.141779            
8.943901            
12.994012           
13.241057           
10.035758           
9.700910            
10.851628           
9.516681            
10.551212           
9.109784            
9.072711            
9.076635            
10.957266           
9.874525            
10.373235           
10.108373           
11.768520           
11.266276           
12.139464           
9.399452            
9.698641            
9.250194            
8.254637            
12.707889           
8.380314            
9.530080            
9.828836            
7.828113            
12.603575           
7.550425            
9.688045            
8.968240            
9.169676            
8.245088            
14.154436           
11.301447           
8.507195            
8.270150            
11.574306           
9.669844            
10.387772           
10.952943           
12.741464           
7.486006            
10.294917           
14.081447           
10.936871           
8.958249            
8.648852            
9.290876            
9.289887            
8.675771            
7.919284            
10.638925           
9.694374            
11.763833           
9.476928            
8.910353            
12.072272           
9.232473            
10.124938           
8.995421            
8.870967            
9.854166            
11.106185           
8.897074            
8.219248            
9.989485            
9.683952            
8.797770            
10.871845           
10.478833           
15.419510           
9.269476            
11.242691           
11.675033           
7.524392            
12.386092           
8.739253            
10.444484           
10.478745           
12.455046           
9.060158            
8.822643            
11.101792           
12.739118           
12.500458           
7.823387            
8.034491            
9.494329            
9.325022            
13.217105           
9.238802            
8.759735            
10.176289           
7.902374            
9.561839            
9.330024            
10.257348           
7.624515            
9.961095            
14.917266           
13.094997           
10.532552           
11.613149           
11.182539           
8.183315            
8.614305            
12.427313           
8.374927            
10.241820           
10.862374           
8.057415            
9.707003            
10.500399           
10.515749           
9.018138            
10.541256           
10.049938           
9.427319            
10.539908           
8.377793            
8.401393            
11.402649           
10.652305           
11.244043           
8.880401            
9.632906            
8.604739            
8.615251            
7.599144            
9.752503            
10.445255           
8.729536            
10.861017           
12.309193           
8.732696            
9.530033            
8.324726            
7.205004            
9.210235            
7.740447            
8.637098            
9.592526            
11.083940           
12.760061           
9.819038            
11.432624           
8.749936            
11.115465           
11.619557           
10.776894           
8.850908            
9.318523            
9.608603            
9.371161            
9.770731            
9.970859            
7.930247            
10.795619           
11.424798           
12.122283           
9.751991            
10.256334           
9.366440            
8.936953            
9.300939            
9.378082            
9.386858            
8.718250            
11.225371           
11.313527           
7.156840            
10.266412           
11.975716           
7.520990            
7.368024            
8.931035            
8.545542            
9.267043            
9.096294            
8.214123            
7.218927            
10.391691           
10.546543           
8.791237            
10.713782           
8.318995            
9.226342            
9.407196            
12.924372           
8.675139            
9.591012            
10.262792           
12.672467           
9.007401            
9.395638            
10.522097           
9.925654            
9.538456            
8.130273            
8.190984            
9.418551            
8.901049            
7.847432            
10.126045           
8.126121            
8.003102            
10.321619           
9.716812            
9.398642            
8.440866            
8.302888            
7.282557            
12.981299           
8.795750            
9.802454            
11.924213           
9.795801            
8.274606            
8.234132            
9.648314            
8.538936            
9.529051            
6.737752            
12.137752           
11.773810           
9.844066            
8.379459            
12.260851           
11.313150           
8.900443            
9.312046            
8.067568            
7.913617            
8.356039            
8.484871            
9.668589            
11.375554           
11.161733           
7.908192            
11.908694           
8.670812            
10.143243           
9.315055            
9.817411            
9.312537            
11.092842           
11.254276           
7.741925            
9.718053            
10.086613           
8.484842            
9.369169            
9.097649            
9.348703            
8.966555            
11.108424           
10.486370           
10.267191           
9.696401            
9.274310            
11.964745           
9.355618            
9.642441            
10.580211           
7.300702            
10.506883           
8.581026            
8.770730            
9.663749            
9.797659            
8.350585            
9.155633            
8.984172            
8.296540            
12.200704           
10.007775           
9.544824            
9.674525            
11.338240           
10.021525           
9.547676            
9.428720            
11.168376           
8.144657            
9.712617            
9.668134            
8.340941            
8.984340            
10.327412           
10.380271           
9.499539            
8.070731            
7.966007            
9.455536            
9.510648            
9.805048            
8.273339            
8.189571            
10.669860           
8.754618            
9.712433            
9.900734            
8.580233            
11.024701           
9.585477            
9.548831            
8.538914            
9.037187            
11.483434           
11.547183           
9.495839            
9.191653            
9.376754            
8.671731            
9.688198            
9.186037            
10.643085           
11.711256           
8.894815            
9.592234            
8.712261            
9.300895            
9.078741            
9.765586            
9.646918            
10.455940           
9.445768            
11.354567           
6.867320            
9.243360            
8.972205            
8.349968            
8.166653            
11.241002           
9.752293            
8.633204            
10.586960           
9.049240            
11.757657           
8.408496            
9.935246            
9.167469            
7.824493            
8.872459            
8.163451            
13.142445           
8.034611            
10.716755           
9.429175            
9.608077            
8.855949            
9.053087            
9.632389            
9.955981            
8.798673            
8.144762            
12.572966           
9.025754            
10.564338           
9.930379            
9.094560            
7.640379            
10.429717           
9.331987            
9.154309            
9.420773            
9.166831            
11.902147           
10.450442           
10.058867           
11.262350           
10.840224           
8.795634            
8.439206            
12.075307           
11.819928           
7.884176            
11.890032           
10.618183           
8.717392            
9.043283            
7.995727            
8.623176            
8.518824            
10.354658           
10.110431           
8.554064            
10.680212           
12.025057           
8.848622            
7.592610            
9.241916            
9.254766            
11.077680           
9.480117            
7.979346            
8.881566            
12.041354           
10.350616           
10.031258           
8.839834            
9.390290            
8.578507            
7.918268            
8.142242            
7.924650            
8.704857            
8.335826            
10.720176           
9.407164            
10.666534           
8.444959            
8.429551            
10.869382           
10.184463           
12.593011           
9.571462            
11.167070           
13.163671           
8.674886            
11.147707           
9.302617            
13.072652           
7.905369            
8.092281            
10.952357           
10.079285           
10.970178           
8.536598            
9.025559            
9.607056            
10.207331           
8.998010            
12.524176           
8.817811            
10.127565           
11.128844           
8.689336            
9.830992            
9.643039            
9.194721            
9.504243            
9.157403            
9.424572            
9.098572            
11.473019           
9.707729            
9.439481            
12.393495           
8.262263            
9.054623            
9.871617            
10.956981           
8.616405            
10.856177           
8.901291            
11.143665           
10.432415           
9.132110            
7.986484            
11.042715           
8.426647            
10.381827           
9.410080            
8.130376            
9.172318            
8.595721            
8.045693            
11.795280           
8.765584            
10.432630           
13.359999           
11.548981           
9.841428            
9.818506            
9.155800            
10.407037           
10.965457           
9.877898            
7.657267            
7.673964            
9.234492            
9.376509            
8.290185            
9.645600            
8.781803            
8.432085            
10.152359           
8.326698            
10.651384           
10.984898           
9.592837            
9.746996            
8.758512            
9.451050            
9.987875            
9.061111            
11.808737           
10.098708           
9.585156            
11.045765           
12.122646           
9.540494            
8.835434            
8.781296            
11.350224           
8.752886            
9.024182            
8.915165            
9.028685            
10.518453           
8.748778            
9.950113            
8.626952            
9.530775            
8.544299            
9.854629            
9.885436            
9.136040            
8.154971            
8.169980            
9.806959            
10.180453           
11.276950           
9.797900            
9.795607            
9.850218            
12.076801           
10.422642           
9.601375            
8.313998            
9.414276            
9.305232            
8.771104            
14.254091           
9.011039            
10.512114           
12.168827           
8.777964            
9.284655            
7.603150            
9.920178            
11.516668           
8.932479            
7.942246            
10.552402           
8.028622            
12.862079           
8.117400            
11.488286           
8.514391            
8.081122            
9.728716            
9.740676            
11.023819           
9.615834            
9.619324            
9.328175            
7.450087            
9.348597            
7.510230            
8.356044            
8.259749            
8.433403            
8.602632            
9.149038            
10.668703           
10.230076           
9.050771            
9.771879            
10.886764           
8.239162            
9.579569            
10.501281           
10.759524           
10.036333           
9.179883            
10.684586           
12.431178           
11.055608           
11.087307           
9.927014            
10.883755           
9.816777            
9.109539            
7.620840            
7.642278            
8.254473            
11.758136           
8.640657            
9.889517            
9.304510            
9.904175            
10.457845           
8.581087            
11.432509           
12.114139           
9.651360            
10.815132           
8.493343            
10.000190           
9.033051            
11.968552           
8.945283            
9.535358            
9.663357            
8.228863            
8.655744            
11.518473           
9.484581            
7.556111            
10.466025           
9.560486            
10.312745           
8.978827            
13.421250           
7.920424            
9.987365            
10.127687           
9.775429            
11.062891           
10.053304           
10.601096           
8.655690            
10.943119           
11.417930           
9.029473            
10.414467           
16.724193           
11.027591           
10.443913           
9.728715            
9.413108            
8.506542            
10.244513           
9.327603            
10.470048           
9.188637            
7.765478            
9.910154            
9.455491            
7.667231            
11.685528           
10.411516           
8.131622            
8.120904            
11.816001           
10.557717           
10.744907           
10.197783           
8.690310            
8.205857            
9.769834            
8.454262            
8.772438            
10.170974           
9.866558            
8.636607            
11.135662           
7.411650            
8.582407            
10.095393           
8.247001            
9.518620            
9.340140            
8.604908            
8.971553            
11.257805           
8.939077            
10.291993           
9.118499            
8.579259            
9.543591            
8.659541            
8.616618            
7.788797            
11.339200           
8.545440            
9.863475            
8.985175            
8.502555            
8.109216            
10.915662           
8.177845            
12.319848           
10.489651           
9.037432            
11.441449           
9.041203            
8.295526            
10.246844           
13.770089           
9.168127            
10.901052           
9.317057            
7.157569            
10.240411           
7.712485            
9.690321            
7.373961            
9.620067            
11.050055           
8.133396            
10.185750           
10.106059           
11.138661           
10.088746           
7.533514            
8.796066            
7.160165            
8.979226            
9.763727            
9.116446            
8.203783            
9.071155            
8.647573            
7.193618            
7.617704            
8.609491            
8.993605            
7.825471            
11.962382           
9.340515            
8.695586            
8.088044            
9.692646            
8.649133            
10.962502           
9.853753            
8.678023            
9.377141            
9.741111            
10.589415           
11.727191           
7.888245            
8.093099            
9.288441            
10.451277           
11.238707           
9.451956            
10.457898           
11.609307           
9.684743            
10.933081           
8.799543            
10.068104           
10.774356           
8.579506            
8.075021            
10.862821           
9.165409            
12.002761           
9.704362            
10.802234           
8.764365            
8.350116            
9.753965            
10.396276           
9.858678            
8.493297            
7.878306            
11.911076           
7.407744            
7.940781            
10.172854           
11.111401           
8.918663            
8.106361            
10.403869           
8.889205            
10.987941           
7.638643            
10.288183           
10.033643           
10.341615           
8.350462            
9.316543            
10.766301           
9.067847            
9.731551            
11.116072           
13.384262           
9.920523            
8.161036            
8.407508            
10.450885           
8.847429            
9.052266            
8.996312            
10.340790           
10.005133           
8.765545            
10.724785           
11.511798           
12.544654           
10.077539           
8.410004            
9.253891            
11.683831           
8.821553            
7.926630            
