1                   430187                          -30.200000          -57.550000          914.72              2008/1/1          2018/12/31        1007                3985.862456         1e-017              21569               11506.74            1.87                2.07                19563340.73         F 
2                   430995                          -28.620000          -52.510000          392.01              2008/1/1          2018/12/31        823                 3599.124201         1e-017              18081               9308.79             1.94                2.11                15826467.37         T 
3                   290690                          -17.730000          -39.260000          1030.64             2008/1/1          2018/12/31        1918                1702.410417         1e-017              48097               58048.46            0.83                0.71                98691886.53         F 
4                   330330                          -22.880000          -43.100000          125.47              2008/1/1          2018/12/31        70                  1205.489204         1e-017              4730                8792.82             0.54                0.52                14949230.49         T 
5                   291490                          -14.270000          -38.990000          397.05              2008/1/1          2018/12/31        353                 860.624862          1e-017              4088                7240.78             0.56                0.55                12310514.59         T 
6                   210290                          -1.190000           -46.020000          501.30              2008/1/1          2018/12/31        257                 841.730324          1e-017              3416                6323.42             0.54                0.53                10750845.59         T 
7                   160021                          0.980000            -50.800000          1034.75             2008/1/1          2018/12/31        392                 767.142032          1e-017              5550                8867.44             0.63                0.61                15076108.54         F 
8                   260760                          -7.740000           -34.820000          243.64              2008/1/1          2018/12/31        345                 566.811027          1e-017              5345                8097.78             0.66                0.64                13767558.38         T 
9                   312120                          -20.340000          -46.850000          252.73              2008/1/1          2018/12/31        374                 520.820451          1e-017              8975                6329.07             1.42                1.45                10760462.66         T 
10                  351380                          -23.680000          -46.620000          25.52               2008/1/1          2018/12/31        13                  383.636470          1e-017              6805                9250.04             0.74                0.72                15726591.87         T 
11                  231030                          -6.210000           -40.690000          326.31              2008/1/1          2018/12/31        417                 369.501161          1e-017              6812                4849.63             1.40                1.43                8245160.80          T 
12                  130390                          -3.370000           -68.870000          412.25              2008/1/1          2018/12/31        16                  244.378938          1e-017              629                 224.42              2.80                2.81                381548.43           T 
13                  510682                          -15.850000          -58.450000          1069.89             2008/1/1          2018/12/31        726                 242.192835          1e-017              11355               9256.76             1.23                1.25                15738011.41         T 
14                  355420                          -23.340000          -49.370000          168.68              2008/1/1          2018/12/31        190                 109.446283          1e-017              3059                2319.44             1.32                1.33                3943422.15          T 
15                  290250                          -12.300000          -44.530000          160.86              2008/1/1          2018/12/31        27                  103.275427          1e-017              168                 428.15              0.39                0.39                727928.05           T 
16                  353170                          -22.950000          -45.840000          30.70               2008/1/1          2018/12/31        7                   71.636209           1e-017              370                 649.50              0.57                0.57                1104255.55          T 
17                  130330                          -5.120000           -60.380000          204.92              2008/1/1          2018/12/31        8                   55.701176           1e-017              36                  140.74              0.26                0.26                239273.06           T 
18                  316620                          -21.020000          -43.580000          81.27               2008/1/1          2018/12/31        76                  45.005199           0.00000000000000633 991                 722.39              1.37                1.38                1228178.03          T 
19                  171790                          -10.740000          -47.530000          237.34              2008/1/1          2018/12/31        67                  23.442002           0.00000211          614                 459.89              1.34                1.34                781891.31           T 
20                  310050                          -19.070000          -42.540000          168.34              2008/1/1          2018/12/31        207                 21.490512           0.0000125           1877                2172.75             0.86                0.86                3694038.47          T 
21                  130090                          -6.530000           -64.380000          91.91               2008/1/1          2018/12/31        2                   18.232128           0.000242            5                   32.60               0.15                0.15                55431.86            T 
22                  353180                          -22.940000          -47.310000          39.97               2008/1/1          2018/12/31        23                  17.326739           0.000552            1634                1881.63             0.87                0.87                3199081.67          T 
23                  350760                          -22.950000          -46.540000          35.77               2008/1/1          2018/12/31        17                  15.354872           0.00332             502                 388.05              1.29                1.29                659741.10           T 
24                  290720                          -9.160000           -40.970000          58.55               2008/1/1          2018/12/31        4                   12.053807           0.0680              277                 366.80              0.76                0.75                623624.55           F 
25                  316110                          -15.940000          -44.860000          33.30               2008/1/1          2018/12/31        3                   11.643343           0.0960              16                  43.73               0.37                0.37                74340.63            F 
26                  150670                          -9.500000           -50.620000          0                   2008/1/1          2018/12/31        1                   7.470634            0.981               16                  36.79               0.43                0.43                62551.99            F 
