9.112481            
8.131451            
10.780535           
9.168821            
9.365838            
10.236441           
11.580330           
12.988864           
9.350989            
9.983250            
8.708993            
7.846709            
7.840853            
9.082622            
11.038989           
9.825104            
9.758618            
12.996237           
8.300082            
10.793231           
9.707808            
9.112285            
8.583432            
10.392686           
8.735977            
9.730580            
7.687825            
9.208304            
9.068662            
10.693099           
8.267715            
7.801805            
11.206060           
8.548205            
9.970859            
9.588584            
9.468095            
9.607769            
9.113455            
8.817496            
10.745719           
9.220500            
8.834491            
9.562435            
8.599738            
10.245925           
11.712517           
9.488059            
9.645662            
8.315046            
7.329601            
11.745955           
13.395366           
9.047822            
9.618051            
10.249971           
7.002911            
9.983881            
9.180394            
7.896821            
12.808800           
11.887779           
10.864201           
11.069375           
9.672728            
11.521553           
9.229854            
8.636202            
7.816813            
8.852770            
12.178104           
9.975877            
10.063495           
10.248817           
11.317127           
7.471264            
9.588257            
8.169998            
14.897018           
9.261365            
7.292349            
9.033705            
10.140239           
9.444134            
10.860232           
8.190065            
7.519311            
8.753648            
9.477148            
8.469077            
12.159969           
10.991641           
11.001821           
9.721120            
7.951474            
9.914601            
10.732458           
7.957582            
9.001452            
7.237912            
8.764792            
8.044100            
9.102938            
8.670468            
7.353095            
10.679551           
8.138829            
9.986258            
7.914026            
8.295380            
11.776317           
9.002048            
7.958260            
10.340958           
10.520192           
9.277207            
9.652860            
9.034734            
8.874322            
11.133552           
10.152359           
8.796290            
13.618568           
8.961901            
8.919962            
10.216342           
8.482504            
11.898016           
6.950182            
9.903564            
9.891023            
8.687832            
7.980557            
9.554613            
12.455333           
9.954323            
11.208482           
8.157179            
7.266787            
8.823725            
10.168747           
10.583881           
8.837267            
9.298396            
7.964973            
11.606759           
10.147529           
9.009806            
7.872180            
8.334871            
8.258782            
8.920672            
8.679361            
10.004850           
10.055017           
9.460600            
9.505145            
12.659312           
10.751877           
9.446023            
10.600372           
9.615268            
9.252336            
8.493061            
7.882991            
8.191144            
12.944571           
8.612951            
10.153151           
10.497926           
9.584586            
9.125593            
11.856675           
10.671841           
9.269090            
11.480781           
9.624914            
10.613484           
10.428624           
8.339971            
11.643655           
8.033518            
9.837179            
8.010820            
9.193272            
10.107337           
11.687651           
8.954092            
11.533440           
11.130826           
11.628462           
8.740254            
11.019130           
11.233106           
8.319027            
6.956683            
6.989484            
8.585654            
8.783819            
8.419527            
9.815125            
8.559470            
12.747067           
8.402862            
8.234244            
8.989521            
7.518498            
9.088236            
7.338344            
9.514578            
9.709470            
7.906492            
8.535144            
8.990669            
9.373270            
7.882225            
7.233251            
11.178164           
8.596117            
9.454171            
8.622016            
9.648984            
8.860140            
8.092010            
9.171288            
9.247246            
8.617145            
11.506391           
11.727227           
8.325843            
10.623208           
8.521855            
10.925173           
8.316885            
8.742142            
12.370457           
8.475268            
7.802678            
10.487504           
8.378813            
8.567284            
10.386448           
9.437499            
8.795167            
7.928259            
10.160303           
9.492636            
9.821469            
9.160344            
9.748175            
8.882554            
8.307093            
7.585409            
11.262764           
10.539115           
10.275535           
10.522910           
7.494783            
9.393720            
8.308909            
9.322208            
9.322011            
8.977492            
9.163087            
8.073967            
9.544644            
7.724211            
8.074049            
12.469630           
7.692409            
8.892786            
9.753669            
10.440693           
14.540327           
7.527868            
8.311160            
10.198044           
9.983269            
11.240562           
7.302259            
9.617421            
8.563069            
11.385316           
12.283420           
9.066158            
9.639735            
8.416840            
7.655653            
7.836635            
8.345263            
8.203793            
8.897183            
10.713331           
11.093224           
9.196215            
10.812274           
8.213245            
10.138384           
10.995981           
8.539389            
11.118338           
10.303615           
15.778793           
10.651760           
10.896405           
7.834026            
11.880410           
8.769424            
9.929723            
11.916261           
7.948087            
8.153299            
9.552067            
8.040715            
8.050352            
10.963831           
10.243745           
8.430448            
8.110308            
8.404966            
10.205899           
8.539073            
8.295414            
8.479133            
9.869588            
10.667842           
10.644055           
10.664501           
10.573387           
7.055762            
9.613217            
8.429392            
10.280184           
11.360315           
9.118792            
17.328457           
9.065688            
12.869574           
9.663299            
10.545888           
7.813483            
8.307445            
9.483981            
9.284936            
7.262216            
9.794431            
9.048932            
9.229854            
10.055650           
9.106306            
10.946263           
10.425135           
10.709975           
10.507344           
8.127670            
10.169477           
8.408964            
11.370483           
8.902730            
14.948298           
9.430532            
9.219940            
7.314055            
9.777493            
8.794997            
9.488619            
7.966941            
8.719309            
9.849156            
7.950421            
9.328905            
9.614062            
8.438905            
9.181132            
9.279293            
9.352934            
13.117919           
9.574735            
8.518471            
9.424092            
8.881549            
7.087521            
8.954334            
10.017541           
8.855027            
8.379266            
8.133429            
8.615205            
7.302678            
7.593507            
12.479984           
8.943376            
8.451255            
9.262757            
9.073089            
10.211516           
8.058951            
13.232711           
7.152801            
8.167791            
9.763351            
9.968604            
10.821591           
9.695809            
9.040605            
8.685402            
10.423402           
9.593573            
9.210154            
7.539301            
9.756975            
14.290177           
9.890507            
8.862339            
8.747216            
10.402451           
8.497148            
10.234353           
9.248796            
8.133376            
8.377591            
8.765661            
8.685778            
16.509289           
9.344892            
8.895831            
10.223722           
13.715867           
8.829488            
10.454821           
7.722491            
8.491889            
8.979642            
10.180448           
10.677372           
8.389208            
8.737272            
7.881887            
9.253702            
8.403306            
10.948319           
10.047252           
8.558633            
9.002992            
13.773385           
9.323507            
9.043743            
9.242245            
8.499789            
11.085792           
9.513540            
11.409355           
9.802282            
9.122794            
9.070353            
10.035575           
9.386158            
11.019857           
10.833717           
11.939966           
9.404425            
11.241367           
9.681727            
7.873894            
9.942448            
8.624769            
9.454972            
10.057909           
9.997375            
6.203447            
10.648602           
9.593468            
8.591799            
8.984820            
9.347925            
8.940301            
8.254664            
8.125321            
7.902693            
8.757193            
10.460251           
8.066622            
11.054773           
8.013480            
7.041660            
13.131015           
11.905748           
10.291397           
9.255630            
9.563829            
8.056688            
9.428632            
8.036101            
12.382425           
12.475344           
10.424294           
12.903749           
10.152908           
9.336364            
9.571928            
11.003539           
9.647905            
9.818174            
7.616061            
10.381860           
8.985165            
10.119922           
10.459813           
9.579817            
9.669618            
8.757904            
8.744454            
14.387985           
8.110921            
8.637384            
8.527252            
9.350016            
8.408052            
8.787285            
8.273933            
8.190014            
7.479296            
9.290863            
12.233672           
8.971498            
9.143274            
7.826703            
9.549295            
11.253550           
10.277805           
9.905032            
9.211720            
8.848998            
10.603040           
9.612854            
8.651797            
10.964213           
12.865886           
9.306178            
9.541136            
11.608723           
7.743864            
8.778214            
11.104252           
8.574920            
11.320936           
9.059504            
8.955946            
10.022020           
8.565711            
9.398110            
9.241809            
8.777061            
9.659128            
8.528642            
9.956218            
7.601204            
10.614480           
10.479523           
12.385389           
10.255214           
9.256970            
11.405206           
8.811501            
10.960263           
10.122938           
9.845560            
9.751430            
11.544086           
10.671602           
8.360631            
11.874435           
8.573004            
8.306287            
9.488741            
9.262841            
9.666215            
13.330044           
8.351750            
9.413198            
10.011323           
10.256227           
8.136302            
8.349518            
8.683418            
11.779627           
9.285879            
14.567678           
8.016088            
9.475401            
8.682160            
7.168279            
10.038997           
11.309558           
9.730575            
9.893234            
9.011129            
8.676857            
7.981963            
7.994857            
8.442500            
11.260990           
12.555861           
9.378919            
9.013227            
7.706983            
8.359555            
8.743909            
10.952688           
8.881841            
9.321156            
8.908318            
7.737009            
9.533202            
8.966138            
12.611078           
10.375883           
14.430874           
8.938447            
8.387023            
7.975145            
7.780118            
9.800618            
10.739625           
13.018316           
7.629957            
10.045416           
8.431621            
8.705582            
8.686183            
7.866875            
7.670686            
9.363094            
10.823010           
11.514464           
10.023574           
8.416588            
10.064667           
7.850528            
9.723447            
11.114885           
9.851389            
10.935265           
11.018351           
8.360511            
6.538830            
8.564256            
8.842729            
10.031589           
10.444468           
9.896843            
11.050298           
10.565395           
9.547809            
8.992496            
9.583229            
8.571037            
11.683930           
9.481922            
9.112629            
7.653402            
7.115777            
9.616578            
9.707398            
8.356639            
10.216995           
9.417481            
10.959504           
11.758637           
8.192720            
10.067321           
8.678134            
9.368357            
10.454189           
9.910925            
9.022727            
8.599631            
11.336576           
8.597373            
8.352642            
9.355608            
8.825079            
8.838734            
7.625714            
9.618659            
7.436582            
9.715582            
8.073136            
10.294507           
9.878225            
7.782459            
9.856528            
7.287600            
8.777795            
9.206259            
10.697906           
9.128972            
10.219196           
8.146867            
8.662457            
11.092888           
8.849857            
7.534224            
10.488648           
6.913077            
8.819627            
11.673984           
8.726788            
8.591989            
9.026012            
8.369528            
10.044614           
8.071314            
9.754338            
7.891676            
8.780989            
10.391292           
7.959151            
10.771726           
11.848689           
9.094069            
10.836445           
8.946784            
8.316453            
10.656223           
8.586359            
8.677824            
10.537253           
8.601463            
9.073675            
8.194947            
7.910543            
9.566811            
7.169824            
10.349678           
10.025609           
8.388931            
8.374683            
10.807044           
9.074821            
9.971380            
9.279848            
11.289483           
8.621054            
11.064064           
9.155588            
7.917467            
9.116514            
9.168147            
8.808415            
8.018058            
11.143650           
10.541121           
6.976761            
9.993225            
9.285220            
10.341051           
9.307634            
10.777025           
9.441634            
9.668994            
9.792869            
8.817592            
8.479673            
10.494671           
10.905583           
8.996892            
9.812615            
13.326389           
9.655130            
9.237314            
8.759863            
12.907211           
11.006043           
10.195465           
10.647881           
7.107504            
8.392324            
9.572795            
10.252959           
9.588293            
9.517527            
8.357511            
13.416133           
9.648688            
7.794525            
9.660458            
8.884022            
7.748088            
10.499624           
9.438401            
7.227607            
8.772951            
9.959396            
8.064830            
8.308070            
8.717651            
9.047976            
8.502628            
9.947886            
9.202402            
7.719299            
7.969576            
9.991400            
10.826553           
7.988433            
8.825247            
8.824085            
11.130371           
10.133223           
7.576901            
11.270354           
9.676517            
10.629224           
10.407446           
8.283310            
14.178594           
10.090243           
9.676253            
10.215264           
8.571362            
8.207878            
8.681223            
7.652458            
8.718425            
9.946405            
10.510857           
9.421290            
11.009980           
8.652685            
12.053171           
8.121639            
8.858960            
10.439295           
10.019569           
8.730435            
8.926762            
10.428208           
8.464842            
9.922879            
7.526586            
8.624468            
9.517012            
13.402353           
9.566555            
9.335010            
9.071241            
7.774404            
9.023912            
10.999678           
9.524054            
8.967251            
10.347507           
10.704192           
8.308820            
8.224062            
9.452522            
7.948777            
9.108787            
8.793626            
13.298446           
6.957207            
9.902427            
8.058980            
11.130353           
8.804522            
10.282560           
7.465854            
9.041323            
8.531199            
10.916804           
10.508885           
9.013446            
9.367946            
10.628357           
8.869249            
7.988098            
13.973477           
9.301939            
10.351918           
8.121475            
8.936192            
8.637633            
8.664366            
8.141922            
10.455085           
9.555805            
7.926250            
10.915220           
10.798174           
9.932404            
9.359121            
10.896668           
8.119126            
9.471575            
10.352056           
10.320024           
8.957642            
9.946337            
11.105887           
9.764599            
9.810316            
9.302401            
9.542647            
7.610801            
9.335750            
8.046842            
10.089513           
11.815070           
8.423178            
8.542169            
8.676425            
9.445954            
10.616349           
7.958708            
11.091792           
10.237323           
8.943042            
8.112063            
9.567213            
9.698751            
8.873693            
8.304924            
8.169644            
8.169961            
8.314944            
10.145379           
8.477418            
9.558060            
9.359717            
12.874909           
10.382379           
11.657364           
10.652528           
7.921761            
11.340903           
9.202736            
8.043603            
9.655622            
12.148716           
9.332888            
9.253676            
9.126792            
10.816083           
8.244178            
11.646574           
8.871701            
9.071679            
10.508356           
8.728856            
8.556929            
10.748288           
12.311576           
9.270927            
12.192993           
10.766298           
11.531267           
14.190443           
10.457153           
9.861389            
10.362562           
9.901282            
8.258293            
9.887822            
8.586654            
10.103837           
8.189928            
10.049970           
9.872218            
9.108152            
9.265102            
8.541725            
10.629986           
8.672297            
9.578753            
10.239630           
8.721900            
9.591733            
9.198393            
10.342725           
7.536502            
8.317393            
13.223805           
10.702791           
9.715978            
8.478943            
8.307680            
7.595211            
10.373231           
8.268711            
9.402729            
10.781953           
9.059813            
10.261260           
10.317788           
9.680865            
10.738497           
10.900097           
11.201728           
