1                   430187                          -30.200000          -57.550000          914.83              2014/1/1          2014/12/31        1008                344.938612          1e-017              1944                1051.69             1.85                2.04                20074887.00         T 
2                   211250                          -2.760000           -42.270000          1452.78             2014/1/1          2014/12/31        2138                130.074925          1e-017              2707                3469.80             0.78                0.70                66232205.00         F 
3                   330414                          -22.710000          -43.550000          61.80               2014/1/1          2014/12/31        30                  108.253924          1e-017              331                 664.33              0.50                0.48                12680884.00         T 
4                   160020                          2.490000            -50.940000          1156.05             2014/1/1          2014/12/31        402                 103.819441          1e-017              466                 834.46              0.56                0.54                15928354.00         T 
5                   280630                          -11.350000          -37.440000          431.10              2014/1/1          2014/12/31        554                 96.445196           1e-017              659                 1060.89             0.62                0.60                20250507.00         T 
6                   315770                          -19.300000          -47.520000          339.89              2014/1/1          2014/12/31        504                 85.171345           1e-017              1055                698.23              1.51                1.57                13327899.00         T 
7                   260545                          -3.830000           -32.410000          562.51              2014/1/1          2014/12/31        241                 42.732635           0.0000000000000825  318                 507.80              0.63                0.61                9692902.00          T 
8                   290250                          -12.300000          -44.530000          240.09              2014/1/1          2014/12/31        59                  39.171238           0.00000000000197    9                   65.94               0.14                0.14                1258711.00          T 
9                   130390                          -3.370000           -68.870000          468.76              2014/1/1          2014/12/31        20                  37.826177           0.00000000000651    82                  26.24               3.13                3.14                500824.00           T 
10                  352610                          -24.320000          -47.630000          219.12              2014/1/1          2014/12/31        229                 31.100065           0.00000000260       1568                1870.67             0.84                0.81                35707769.00         F 
11                  351380                          -23.680000          -46.620000          38.92               2014/1/1          2014/12/31        27                  26.159052           0.000000212         837                 1052.53             0.80                0.78                20090896.00         T 
12                  220117                          -6.510000           -42.110000          250.98              2014/1/1          2014/12/31        197                 22.416654           0.00000593          277                 180.81              1.53                1.55                3451261.00          T 
13                  410310                          -25.200000          -49.110000          80.17               2014/1/1          2014/12/31        31                  20.346435           0.0000374           107                 186.49              0.57                0.57                3559676.00          T 
14                  241250                          -6.210000           -38.490000          108.69              2014/1/1          2014/12/31        97                  16.982624           0.000748            120                 67.11               1.79                1.80                1280988.00          T 
15                  510718                          -12.940000          -51.820000          481.91              2014/1/1          2014/12/31        231                 13.891719           0.0140              223                 153.77              1.45                1.46                2935186.00          T 
16                  353800                          -22.920000          -45.460000          52.03               2014/1/1          2014/12/31        28                  13.648719           0.0160              46                  90.87               0.51                0.50                1734526.00          T 
17                  317130                          -20.750000          -42.880000          50.05               2014/1/1          2014/12/31        34                  13.294621           0.0230              59                  27.75               2.13                2.13                529787.00           T 
18                  314910                          -22.240000          -45.460000          0                   2014/1/1          2014/12/31        1                   13.197269           0.0250              8                   0.61                13.11               13.11               11652.00            T 
19                  412070                          -23.560000          -49.910000          24.84               2014/1/1          2014/12/31        6                   7.729611            0.939               13                  3.44                3.78                3.78                65649.00            F 
20                  110160                          -10.240000          -62.350000          147.04              2014/1/1          2014/12/31        25                  7.622146            0.951               12                  30.99               0.39                0.39                591550.00           F 
21                  320455                          -20.040000          -40.740000          23.91               2014/1/1          2014/12/31        4                   6.374069            0.999               14                  4.51                3.10                3.11                86077.00            F 
22                  320320                          -19.390000          -40.070000          54.45               2014/1/1          2014/12/31        8                   6.354412            0.999               6                   19.38               0.31                0.31                369953.00           F 
23                  313652                          -16.900000          -42.600000          43.72               2014/1/1          2014/12/31        11                  6.241032            0.999               0                   6.24                0                   0                   119095.00           F 
