1                   1                   1                   1944                1051.69             1.85                2.04                20074887.00         
2                   1                   1                   2707                3469.80             0.78                0.70                66232205.00         
3                   1                   1                   331                 664.33              0.50                0.48                12680884.00         
4                   1                   1                   466                 834.46              0.56                0.54                15928354.00         
5                   1                   1                   659                 1060.89             0.62                0.60                20250507.00         
6                   1                   1                   1055                698.23              1.51                1.57                13327899.00         
7                   1                   1                   318                 507.80              0.63                0.61                9692902.00          
8                   1                   1                   9                   65.94               0.14                0.14                1258711.00          
9                   1                   1                   82                  26.24               3.13                3.14                500824.00           
10                  1                   1                   1568                1870.67             0.84                0.81                35707769.00         
11                  1                   1                   837                 1052.53             0.80                0.78                20090896.00         
12                  1                   1                   277                 180.81              1.53                1.55                3451261.00          
13                  1                   1                   107                 186.49              0.57                0.57                3559676.00          
14                  1                   1                   120                 67.11               1.79                1.80                1280988.00          
15                  1                   1                   223                 153.77              1.45                1.46                2935186.00          
16                  1                   1                   46                  90.87               0.51                0.50                1734526.00          
17                  1                   1                   59                  27.75               2.13                2.13                529787.00           
18                  1                   1                   8                   0.61                13.11               13.11               11652.00            
19                  1                   1                   13                  3.44                3.78                3.78                65649.00            
20                  1                   1                   12                  30.99               0.39                0.39                591550.00           
21                  1                   1                   14                  4.51                3.10                3.11                86077.00            
22                  1                   1                   6                   19.38               0.31                0.31                369953.00           
23                  1                   1                   0                   6.24                0                   0                   119095.00           
