10.476782           
10.321359           
8.873093            
8.228827            
8.200362            
11.523890           
8.642985            
10.367085           
11.257610           
9.277330            
8.617307            
10.980020           
8.376564            
12.376497           
10.112731           
9.668179            
9.212296            
8.414473            
9.484851            
12.155032           
11.631028           
9.599551            
10.177988           
10.338445           
11.587186           
7.403787            
10.263212           
8.578612            
8.247217            
9.091459            
11.427394           
9.331854            
7.172245            
9.660322            
8.583023            
10.132779           
8.779060            
9.507886            
8.802754            
9.353763            
7.788404            
8.666453            
8.718098            
12.440080           
9.169285            
8.443540            
10.073049           
9.604672            
10.531381           
8.208588            
8.296008            
11.211047           
8.551330            
10.380051           
8.850392            
10.349581           
8.013672            
9.862881            
10.072668           
10.685994           
10.406832           
9.888257            
7.591501            
10.402432           
9.993394            
13.763283           
8.649199            
10.024548           
11.800016           
9.954306            
9.872666            
8.858337            
7.935828            
10.721103           
8.975386            
9.020066            
8.415060            
9.442488            
9.055328            
8.264100            
10.143444           
8.321957            
10.517480           
8.513758            
8.129748            
8.327178            
9.266680            
7.738129            
8.175968            
9.457212            
9.864551            
10.150883           
9.738495            
8.379306            
8.205537            
10.962877           
8.599085            
9.738984            
9.551090            
9.954697            
9.761338            
9.149198            
9.286730            
8.195286            
9.675803            
7.632049            
8.670386            
8.176810            
9.629550            
8.926081            
8.562614            
11.621408           
11.687115           
12.263554           
9.563149            
7.971038            
10.458930           
8.997153            
8.694968            
8.170839            
9.989058            
9.171530            
10.647993           
9.169777            
8.334916            
8.642194            
11.718632           
9.693828            
10.237405           
8.509713            
12.077446           
7.546022            
9.040715            
9.098608            
8.239175            
8.799593            
8.980026            
9.519758            
7.689689            
9.832925            
7.406913            
7.307121            
9.346059            
9.619684            
8.904622            
9.286022            
11.556699           
12.013840           
8.618566            
11.829406           
8.213988            
9.762244            
8.922015            
8.446007            
8.964412            
11.961048           
8.273620            
10.200660           
9.431505            
8.164063            
9.352345            
11.132626           
9.780359            
9.845643            
10.757824           
9.499167            
9.111719            
8.237832            
9.346421            
7.868816            
8.168460            
10.225537           
8.393196            
9.650518            
8.080027            
8.740521            
11.597189           
8.306249            
10.132913           
7.939579            
8.432587            
9.024277            
7.823424            
12.827257           
10.756289           
11.720566           
8.202606            
10.060780           
8.996021            
10.284956           
10.392160           
10.393457           
8.730598            
8.954885            
8.698331            
8.350734            
11.757630           
8.831824            
9.595715            
10.518835           
9.373491            
7.879766            
10.756997           
8.637538            
10.600779           
8.120775            
11.502720           
11.458072           
14.633003           
11.094167           
9.286169            
7.412076            
9.274503            
10.271397           
8.684050            
10.821379           
8.268847            
10.635140           
9.027819            
10.838314           
10.725985           
8.080930            
7.070995            
8.253944            
10.099646           
10.013176           
8.981370            
10.433105           
9.253559            
8.471031            
8.952638            
8.729376            
8.391039            
9.630749            
11.846833           
9.253469            
9.224209            
9.544955            
7.561948            
8.291255            
8.017157            
8.473046            
7.924455            
8.031841            
8.878003            
9.790468            
8.597888            
9.151323            
11.784885           
10.057171           
11.772474           
8.851386            
10.591363           
8.356353            
9.768184            
11.922941           
8.352081            
10.569699           
8.192787            
8.537336            
11.317371           
10.277194           
8.897482            
9.116612            
8.162120            
12.498776           
9.002250            
9.473158            
9.006995            
8.421667            
8.022556            
10.050911           
8.449998            
9.462399            
7.728731            
11.220836           
8.377488            
12.482757           
10.351027           
9.160286            
10.140630           
9.176367            
8.164524            
9.414422            
8.495092            
9.538649            
11.006295           
12.021914           
15.060603           
12.064456           
7.507303            
10.012498           
8.331883            
8.841073            
9.910779            
7.439181            
10.230330           
8.723242            
11.025715           
8.605725            
12.484455           
10.725329           
8.492476            
10.833809           
8.602506            
10.420735           
10.010992           
10.939966           
8.465963            
8.561517            
8.247132            
10.513962           
9.043654            
9.201304            
9.587187            
9.037408            
8.886933            
8.350953            
8.844795            
8.362339            
9.172730            
11.192314           
8.839684            
8.917135            
11.203984           
12.555095           
10.456988           
8.619750            
9.003404            
9.106163            
8.654389            
9.259693            
8.346716            
8.976033            
11.803828           
9.524430            
10.037515           
7.153042            
8.966885            
9.204948            
10.244697           
7.497699            
9.943360            
11.548288           
9.197974            
7.996834            
9.928637            
10.826064           
11.387375           
8.247661            
11.649971           
9.227644            
9.196872            
9.125818            
12.257005           
8.970617            
9.218380            
8.018499            
11.157737           
8.881848            
8.699378            
8.205439            
7.822983            
10.694114           
9.663204            
8.409201            
9.543081            
9.595634            
8.248628            
11.236744           
10.658780           
10.613149           
8.978495            
10.997323           
10.097228           
13.910867           
9.210158            
7.396287            
8.957670            
9.736014            
9.345030            
8.211301            
9.188745            
8.832944            
8.374268            
9.208975            
7.802308            
8.226135            
7.467115            
8.445103            
8.686678            
9.613091            
8.691357            
10.109435           
9.448156            
11.691283           
8.246777            
8.901503            
8.661890            
7.292119            
11.313159           
11.694304           
9.767953            
8.765466            
11.432144           
9.787915            
10.631153           
7.645459            
7.806290            
8.922193            
8.572388            
8.962018            
9.254668            
8.414655            
8.692305            
8.978588            
8.162401            
11.569942           
8.929331            
7.800288            
7.896457            
8.369274            
8.619664            
10.540044           
11.302723           
8.727943            
8.659035            
8.001131            
11.215224           
9.170483            
9.430920            
8.868013            
9.205021            
8.122492            
8.645486            
8.422008            
8.963182            
9.707632            
9.084364            
7.862710            
8.493313            
7.487119            
9.533952            
8.781893            
10.247209           
12.579019           
9.360248            
8.678311            
9.627859            
8.830014            
12.334091           
9.662302            
7.526029            
8.428005            
8.923863            
9.237573            
10.280694           
11.484908           
7.741698            
9.574488            
9.177179            
9.200187            
10.306031           
9.087309            
7.213374            
7.748271            
8.457243            
12.799982           
9.674833            
9.655792            
8.005838            
8.125546            
8.840489            
13.684208           
9.212547            
8.909075            
12.604667           
9.030444            
8.182755            
8.863919            
10.309672           
8.160439            
10.237318           
8.069590            
9.103938            
16.190848           
8.294543            
8.008146            
8.440092            
9.454143            
9.289642            
11.036877           
9.070224            
8.670722            
10.811809           
9.235193            
8.180455            
9.610193            
10.914644           
11.300202           
11.096154           
10.559553           
8.354319            
8.853370            
11.576246           
8.405484            
8.766944            
8.128407            
9.856952            
10.309505           
8.571166            
9.875869            
9.195657            
9.920348            
8.912106            
9.981716            
9.081691            
7.338798            
9.843084            
9.187562            
10.464768           
8.396642            
9.717519            
9.396149            
8.236889            
13.103501           
11.524495           
9.474459            
9.153636            
7.282387            
7.484284            
9.656000            
9.451527            
8.234441            
9.331121            
8.054297            
8.856414            
9.682302            
6.948340            
7.317916            
9.319365            
9.648749            
10.783386           
9.116742            
9.123139            
8.665979            
8.999120            
9.967493            
13.249593           
9.419412            
9.136481            
8.952666            
8.119463            
8.310420            
9.254857            
7.312560            
8.479537            
8.160497            
9.080149            
8.266647            
8.294443            
12.252575           
10.889857           
8.673089            
9.380454            
8.767869            
8.710998            
7.385838            
9.531491            
8.197028            
12.989845           
10.185317           
11.084998           
10.387241           
9.396149            
9.766394            
8.925559            
8.206011            
7.673522            
9.662283            
8.602346            
9.332188            
10.675503           
9.132522            
9.078102            
10.456499           
9.974494            
8.855631            
8.945674            
8.281808            
9.671113            
9.992416            
7.967265            
11.024192           
10.132450           
11.475476           
9.434502            
10.296477           
8.415031            
7.833059            
9.303293            
9.682377            
9.767593            
9.357999            
9.666335            
8.087236            
9.141169            
8.292746            
10.746596           
9.273666            
8.344255            
11.649050           
10.726469           
14.050894           
10.056621           
8.207899            
9.284069            
9.835618            
8.288550            
9.788624            
8.803793            
10.702084           
9.738485            
14.109909           
9.457429            
10.159759           
9.009002            
11.274653           
10.223706           
10.502088           
11.088799           
9.607827            
11.706221           
11.563699           
7.593754            
8.561664            
11.988540           
8.156279            
9.264282            
10.072868           
10.848801           
10.190157           
10.373203           
10.866018           
8.304249            
8.498911            
9.428887            
8.693713            
11.332914           
10.140170           
8.540661            
10.087791           
8.422031            
10.023509           
8.221174            
7.455088            
8.922006            
11.746602           
7.991330            
8.504135            
12.722783           
8.127557            
9.005910            
11.048722           
11.478474           
9.650194            
8.157981            
8.010761            
7.990741            
7.974037            
10.965857           
9.922171            
11.388067           
9.561624            
8.996976            
8.811962            
7.203910            
10.089806           
10.504167           
8.672150            
8.032207            
6.830870            
11.431796           
7.801124            
10.858566           
9.367283            
9.975784            
11.402579           
8.483207            
10.351970           
9.622717            
7.428783            
9.158807            
9.568940            
7.912634            
9.874416            
9.075232            
9.045112            
10.075189           
9.016834            
9.955659            
8.294543            
9.673020            
8.605409            
7.409766            
11.186582           
8.544782            
10.928563           
8.724186            
7.946973            
8.922989            
7.682819            
9.881456            
9.965905            
9.882922            
10.020879           
10.741204           
9.686571            
7.915156            
11.579387           
8.382026            
8.722964            
7.924546            
10.026545           
8.765531            
8.241611            
10.280010           
9.887710            
10.462949           
7.864762            
10.200486           
9.889799            
10.171067           
11.233788           
11.412048           
11.033706           
9.184387            
7.327913            
9.609119            
8.906950            
10.557694           
10.247134           
10.227856           
8.515079            
7.549589            
10.537484           
10.143444           
8.925475            
9.870657            
8.275475            
13.278040           
13.033804           
12.049806           
12.592124           
10.139643           
8.204031            
8.597041            
8.259630            
7.903963            
7.359884            
11.609995           
9.152095            
7.825378            
10.056819           
9.699311            
7.502610            
9.116024            
8.597977            
10.269285           
10.680878           
7.994822            
11.556699           
8.903968            
7.777560            
8.632386            
9.128017            
10.180676           
7.664092            
8.704900            
10.447390           
9.340105            
8.968176            
9.285642            
9.303573            
10.249046           
10.092341           
9.586217            
12.500455           
8.360522            
7.881849            
6.899325            
10.310939           
8.001055            
9.367925            
13.567511           
9.845235            
8.240123            
8.872762            
7.701657            
9.265766            
10.343273           
8.689355            
9.220471            
10.706564           
10.549751           
8.842421            
10.587890           
10.279681           
9.512824            
9.218264            
7.262590            
7.413361            
9.567443            
8.045977            
10.472966           
8.333604            
11.233247           
8.117447            
8.404926            
8.893332            
11.489326           
9.988752            
7.570247            
8.239801            
10.026947           
11.045846           
9.192015            
7.512471            
11.228413           
10.372031           
13.153514           
7.736299            
10.144655           
11.305615           
9.141072            
8.406635            
9.470728            
9.882444            
9.352101            
9.463505            
8.361141            
9.644950            
9.567012            
8.296790            
8.035905            
9.044212            
8.574692            
9.751361            
9.216993            
10.630011           
9.285420            
7.322423            
9.252582            
9.210546            
10.399268           
12.210968           
8.877723            
13.665545           
8.974556            
9.799154            
10.925834           
9.660650            
10.056228           
8.208853            
8.005734            
10.327440           
7.334894            
10.027351           
8.648225            
8.676205            
11.465590           
9.507886            
7.971774            
12.359241           
9.084678            
8.713317            
10.596616           
9.090116            
10.200601           
8.517972            
9.946837            
8.588142            
8.866864            
9.976735            
8.023647            
7.960164            
11.505874           
7.617626            
13.355609           
9.312507            
8.292947            
9.967906            
7.842811            
7.990103            
8.141869            
8.636463            
9.210671            
8.483481            
7.963880            
10.119712           
7.408623            
8.207442            
9.025676            
7.711006            
12.189903           
11.094778           
8.375392            
10.036149           
7.901252            
9.388523            
11.564458           
8.525269            
12.785658           
10.447804           
8.761156            
9.503790            
9.104374            
9.805226            
9.666435            
8.962309            
8.539686            
10.457609           
9.428737            
11.707628           
9.175438            
14.289927           
8.029530            
8.395225            
11.931013           
9.504417            
10.782800           
8.259741            
8.193399            
8.995669            
9.988722            
8.539881            
9.194547            
11.433720           
10.659605           
8.507585            
8.551905            
8.309003            
9.124202            
8.781307            
7.911054            
9.027151            
9.731055            
7.824888            
7.695255            
7.871616            
8.911498            
9.147015            
10.813413           
10.556320           
8.910086            
11.165663           
13.757244           
10.480979           
8.426295            
12.033019           
9.674305            
8.928150            
9.180790            
11.850520           
8.588142            
9.955136            
8.573730            
14.325768           
7.894345            
7.874189            
10.503266           
7.905062            
9.211422            
11.392975           
8.299721            
9.271907            
9.559844            
10.241723           
9.196069            
9.068862            
7.862069            
8.260094            
9.239838            
11.693919           
9.785155            
10.484660           
11.353908           
8.206516            
10.051086           
8.269619            
8.948949            
9.212088            
10.603986           
7.936199            
10.436930           
9.171077            
8.570950            
10.090072           
10.383405           
