1                   1                   1                   2063                1082.09             1.91                2.16                22170502.00         
2                   1                   1                   1493                2264.16             0.66                0.59                46389319.00         
3                   1                   1                   280                 717.30              0.39                0.37                14696355.00         
4                   1                   1                   21                  200.24              0.10                0.10                4102613.00          
5                   1                   1                   255                 550.18              0.46                0.45                11272356.00         
6                   1                   1                   361                 686.75              0.53                0.51                14070567.00         
7                   1                   1                   957                 669.64              1.43                1.48                13720070.00         
8                   1                   1                   488                 711.85              0.69                0.67                14584828.00         
9                   1                   1                   292                 176.34              1.66                1.68                3612897.00          
10                  1                   1                   573                 411.24              1.39                1.42                8425817.00          
11                  1                   1                   161                 89.19               1.81                1.82                1827278.00          
12                  1                   1                   14                  56.66               0.25                0.25                1160909.00          
13                  1                   1                   19                  2.34                8.12                8.13                47948.00            
14                  1                   1                   241                 358.48              0.67                0.66                7344671.00          
15                  1                   1                   113                 56.63               2.00                2.01                1160187.00          
16                  1                   1                   318                 438.64              0.72                0.72                8987202.00          
17                  1                   1                   25                  5.51                4.53                4.54                112949.00           
18                  1                   1                   19                  3.15                6.02                6.03                64629.00            
19                  1                   1                   353                 253.29              1.39                1.41                5189462.00          
20                  1                   1                   23                  6.87                3.35                3.35                140739.00           
21                  1                   1                   31                  12.66               2.45                2.45                259320.00           
