1                   432240                          -29.750000          -57.080000          882.13              2009/1/1          2009/12/31        1077                410.933736          1e-017              2063                1082.09             1.91                2.16                22170502.00         T 
2                   290690                          -17.730000          -39.260000          740.20              2009/1/1          2009/12/31        1129                189.983494          1e-017              1493                2264.16             0.66                0.59                46389319.00         F 
3                   330330                          -22.880000          -43.100000          125.93              2009/1/1          2009/12/31        72                  184.796744          1e-017              280                 717.30              0.39                0.37                14696355.00         T 
4                   291610                          -12.880000          -38.670000          50.96               2009/1/1          2009/12/31        24                  133.629078          1e-017              21                  200.24              0.10                0.10                4102613.00          T 
5                   150830                          -1.190000           -46.130000          536.50              2009/1/1          2009/12/31        295                 103.986176          1e-017              255                 550.18              0.46                0.45                11272356.00         T 
6                   160055                          1.740000            -50.790000          1086.72             2009/1/1          2009/12/31        390                 99.645616           1e-017              361                 686.75              0.53                0.51                14070567.00         F 
7                   315690                          -19.860000          -47.430000          318.56              2009/1/1          2009/12/31        516                 59.158708           1e-017              957                 669.64              1.43                1.48                13720070.00         T 
8                   261160                          -8.050000           -34.880000          275.44              2009/1/1          2009/12/31        403                 42.481983           0.0000000000000163  488                 711.85              0.69                0.67                14584828.00         T 
9                   311030                          -21.920000          -46.380000          119.39              2009/1/1          2009/12/31        145                 32.341586           0.000000000235      292                 176.34              1.66                1.68                3612897.00          F 
10                  230360                          -6.130000           -39.870000          299.03              2009/1/1          2009/12/31        410                 29.780253           0.00000000264       573                 411.24              1.39                1.42                8425817.00          T 
11                  350690                          -23.100000          -48.250000          92.42               2009/1/1          2009/12/31        56                  23.565428           0.000000935         161                 89.19               1.81                1.82                1827278.00          F 
12                  292890                          -12.360000          -44.970000          252.46              2009/1/1          2009/12/31        64                  23.186608           0.00000134          14                  56.66               0.25                0.25                1160909.00          T 
13                  130406                          -4.250000           -69.930000          0                   2009/1/1          2009/12/31        1                   23.144689           0.00000139          19                  2.34                8.12                8.13                47948.00            T 
14                  354600                          -23.390000          -45.880000          76.88               2009/1/1          2009/12/31        46                  22.547876           0.00000245          241                 358.48              0.67                0.66                7344671.00          T 
15                  350220                          -23.480000          -48.410000          84.58               2009/1/1          2009/12/31        40                  21.871257           0.00000463          113                 56.63               2.00                2.01                1160187.00          T 
16                  320490                          -18.710000          -39.850000          375.59              2009/1/1          2009/12/31        378                 19.176923           0.0000590           318                 438.64              0.72                0.72                8987202.00          T 
17                  521080                          -19.060000          -51.540000          95.00               2009/1/1          2009/12/31        10                  18.328293           0.000131            25                  5.51                4.53                4.54                112949.00           T 
18                  130380                          -0.120000           -67.080000          232.27              2009/1/1          2009/12/31        3                   18.285057           0.000137            19                  3.15                6.02                6.03                64629.00            T 
19                  510792                          -12.540000          -55.710000          765.74              2009/1/1          2009/12/31        300                 18.012768           0.000177            353                 253.29              1.39                1.41                5189462.00          T 
20                  314437                          -16.500000          -46.490000          82.61               2009/1/1          2009/12/31        9                   11.677538           0.0700              23                  6.87                3.35                3.35                140739.00           F 
21                  310480                          -18.100000          -44.260000          93.07               2009/1/1          2009/12/31        19                  9.444393            0.438               31                  12.66               2.45                2.45                259320.00           F 
