1                   1                   1                   3467                2209.68             1.57                1.78                36308030.00         
2                   1                   1                   2576                1489.74             1.73                1.91                24478375.00         
3                   1                   1                   347                 1000.78             0.35                0.33                16444211.00         
4                   1                   1                   384                 726.59              0.53                0.51                11938849.00         
5                   1                   1                   626                 975.37              0.64                0.62                16026667.00         
6                   1                   1                   401                 687.29              0.58                0.57                11293084.00         
7                   1                   1                   818                 545.23              1.50                1.53                8958787.00          
8                   1                   1                   540                 326.22              1.66                1.68                5360224.00          
9                   1                   1                   587                 856.66              0.69                0.67                14075999.00         
10                  1                   1                   88                  31.03               2.84                2.85                509795.00           
11                  1                   1                   423                 282.54              1.50                1.51                4642468.00          
12                  1                   1                   1084                886.30              1.22                1.24                14563115.00         
13                  1                   1                   98                  52.65               1.86                1.87                865186.00           
14                  1                   1                   23                  6.21                3.70                3.71                102119.00           
15                  1                   1                   138                 203.29              0.68                0.68                3340257.00          
16                  1                   1                   46                  22.82               2.02                2.02                375007.00           
17                  1                   1                   15                  4.79                3.13                3.13                78769.00            
18                  1                   1                   2                   12.44               0.16                0.16                204403.00           
19                  1                   1                   9                   1.95                4.61                4.61                32108.00            
20                  1                   1                   11                  27.70               0.40                0.40                455105.00           
