1                   432375                          -28.350000          -54.490000          879.13              2018/1/1          2018/12/31        1452                383.023144          1e-017              3467                2209.68             1.57                1.78                36308030.00         F 
2                   430187                          -30.200000          -57.550000          954.63              2018/1/1          2018/12/31        1096                378.939255          1e-017              2576                1489.74             1.73                1.91                24478375.00         T 
3                   351380                          -23.680000          -46.620000          25.52               2018/1/1          2018/12/31        13                  304.194089          1e-017              347                 1000.78             0.35                0.33                16444211.00         T 
4                   291360                          -14.780000          -39.040000          396.43              2018/1/1          2018/12/31        340                 102.566511          1e-017              384                 726.59              0.53                0.51                11938849.00         T 
5                   330070                          -22.870000          -42.010000          180.23              2018/1/1          2018/12/31        94                  76.921242           1e-017              626                 975.37              0.64                0.62                16026667.00         T 
6                   210290                          -1.190000           -46.020000          498.83              2018/1/1          2018/12/31        252                 73.621647           1e-017              401                 687.29              0.58                0.57                11293084.00         T 
7                   220820                          -6.830000           -40.570000          350.52              2018/1/1          2018/12/31        446                 62.145084           1e-017              818                 545.23              1.50                1.53                8958787.00          T 
8                   311160                          -21.230000          -45.750000          179.86              2018/1/1          2018/12/31        261                 60.238259           1e-017              540                 326.22              1.66                1.68                5360224.00          T 
9                   260680                          -7.830000           -34.900000          231.38              2018/1/1          2018/12/31        329                 50.813525           1e-017              587                 856.66              0.69                0.67                14075999.00         T 
10                  130390                          -3.370000           -68.870000          468.76              2018/1/1          2018/12/31        20                  34.895834           0.0000000000447     88                  31.03               2.84                2.85                509795.00           T 
11                  353380                          -22.940000          -49.340000          174.82              2018/1/1          2018/12/31        217                 31.042109           0.00000000153       423                 282.54              1.50                1.51                4642468.00          T 
12                  520215                          -15.090000          -50.630000          587.74              2018/1/1          2018/12/31        466                 22.236915           0.00000489          1084                886.30              1.22                1.24                14563115.00         T 
13                  317130                          -20.750000          -42.880000          68.71               2018/1/1          2018/12/31        64                  15.615001           0.00211             98                  52.65               1.86                1.87                865186.00           T 
14                  320010                          -20.070000          -41.120000          34.57               2018/1/1          2018/12/31        6                   13.322556           0.0250              23                  6.21                3.70                3.71                102119.00           T 
15                  130356                          -2.690000           -59.700000          411.02              2018/1/1          2018/12/31        37                  12.000664           0.0570              138                 203.29              0.68                0.68                3340257.00          F 
16                  240380                          -6.120000           -36.810000          64.69               2018/1/1          2018/12/31        28                  9.084693            0.582               46                  22.82               2.02                2.02                375007.00           F 
17                  313510                          -15.800000          -43.300000          0                   2018/1/1          2018/12/31        1                   6.908749            0.997               15                  4.79                3.13                3.13                78769.00            F 
18                  290740                          -12.310000          -44.860000          35.85               2018/1/1          2018/12/31        4                   6.788616            0.998               2                   12.44               0.16                0.16                204403.00           F 
19                  171050                          -8.390000           -47.760000          77.09               2018/1/1          2018/12/31        7                   6.701814            0.998               9                   1.95                4.61                4.61                32108.00            F 
20                  291955                          -12.090000          -45.800000          150.72              2018/1/1          2018/12/31        22                  6.550523            0.998               11                  27.70               0.40                0.40                455105.00           F 
