10.193610           
8.883658            
8.714828            
8.731772            
7.437911            
8.934723            
8.371163            
9.737568            
9.244684            
8.911453            
8.981071            
11.743829           
9.610590            
11.017844           
9.124813            
11.158352           
8.645062            
10.305949           
10.655369           
10.653981           
8.429541            
8.022266            
7.462528            
9.100832            
8.791815            
9.230945            
9.213796            
10.068850           
8.176887            
9.092352            
8.117196            
11.130715           
10.176744           
9.630262            
10.542341           
9.291850            
8.788839            
7.829467            
7.791535            
7.624358            
10.964346           
8.064985            
7.846342            
7.810266            
9.021830            
8.862255            
9.945304            
9.613817            
7.750429            
10.304015           
11.092448           
8.266809            
9.900288            
9.831023            
11.325816           
9.456006            
10.427494           
8.887452            
8.637662            
11.132444           
7.645785            
11.103058           
13.555114           
8.120317            
10.314510           
9.526768            
9.909206            
7.754266            
10.057095           
8.650728            
7.313796            
10.732853           
9.855731            
8.424511            
8.797191            
8.313516            
12.771310           
9.103074            
8.293394            
11.194050           
13.910500           
8.662258            
10.158761           
7.846241            
7.450733            
10.664781           
9.766021            
8.673712            
8.834129            
10.186424           
10.688499           
11.486146           
9.955578            
11.983756           
10.333755           
7.209082            
8.401015            
8.754957            
9.103740            
13.946938           
8.482179            
10.167866           
10.404208           
9.793974            
8.427800            
10.973928           
8.947909            
10.309627           
8.752384            
7.997999            
9.887791            
7.418874            
8.786443            
11.661273           
7.617765            
8.460016            
11.177905           
8.230399            
10.434863           
9.783011            
11.429600           
7.993639            
10.168601           
8.789844            
7.967689            
10.942540           
8.167577            
10.392578           
8.334958            
8.704736            
7.839963            
11.082333           
9.081664            
10.407194           
9.103621            
9.889392            
8.954459            
8.960100            
9.066442            
10.145641           
13.966572           
8.620137            
9.582695            
7.003738            
9.008009            
9.367518            
9.932348            
12.180402           
10.965747           
8.730874            
9.511923            
8.993440            
12.347320           
9.316402            
7.991460            
8.461515            
9.259221            
8.106353            
8.718185            
10.682115           
10.728385           
10.488026           
7.652265            
9.292286            
8.314829            
10.882298           
8.350479            
9.133261            
8.413511            
7.543505            
7.748420            
10.757373           
8.575665            
9.014983            
8.055188            
8.253440            
9.290900            
8.586480            
8.499966            
9.085944            
10.197916           
10.026378           
8.324837            
9.032053            
8.482376            
9.780042            
8.938847            
8.706392            
13.257989           
8.408902            
7.357195            
10.860918           
8.662611            
10.756571           
9.576791            
8.735116            
7.256924            
10.432213           
9.547401            
8.654281            
8.624264            
10.711088           
13.759156           
12.091373           
9.174221            
9.569814            
9.185842            
9.370441            
9.661874            
11.167952           
9.803478            
8.664990            
9.161412            
10.004651           
8.484120            
11.633693           
9.945451            
8.125862            
7.863149            
9.254021            
10.730064           
9.336798            
10.247336           
12.078536           
9.353798            
8.245162            
10.535350           
9.760598            
11.328632           
11.662156           
9.214199            
9.047595            
10.027879           
8.116050            
8.603104            
11.802646           
7.781559            
9.961714            
10.938229           
10.250072           
9.886907            
9.897274            
8.649594            
9.184922            
7.881540            
8.291268            
9.885642            
10.226846           
10.183855           
9.240168            
11.016341           
8.384987            
8.363708            
8.396089            
11.201439           
10.325944           
8.834491            
7.833863            
9.641868            
10.260934           
9.140951            
9.987539            
7.819357            
9.049925            
11.124506           
7.741118            
11.768838           
10.662361           
10.505304           
9.919826            
9.572523            
9.148150            
7.803897            
8.221961            
9.960277            
9.298258            
7.924031            
9.361095            
8.970154            
8.566264            
8.955203            
7.895147            
9.602671            
8.849088            
10.405770           
10.987432           
8.870376            
8.928600            
10.895499           
10.292441           
9.150200            
8.973654            
7.441725            
9.202345            
7.639441            
8.449663            
11.001984           
8.956113            
10.017444           
8.954715            
11.103582           
11.460098           
9.092482            
9.757409            
7.817679            
8.626578            
12.064622           
7.769405            
9.582957            
10.268269           
10.227492           
8.536541            
12.199265           
11.940559           
8.312969            
7.613875            
8.465224            
8.700599            
9.936749            
8.226132            
11.110272           
9.225326            
10.204490           
11.201793           
9.685064            
12.644592           
8.508309            
7.825233            
8.775786            
9.946748            
9.651842            
10.818329           
9.031276            
9.797585            
8.230241            
10.066701           
8.363490            
7.786743            
8.738994            
10.724517           
7.783641            
9.659314            
9.671590            
9.336388            
9.219813            
8.619121            
8.618407            
9.060712            
8.624264            
9.456415            
11.969118           
8.163987            
10.991570           
9.016885            
9.814442            
8.920488            
9.174594            
10.647960           
9.740720            
9.216585            
8.968662            
8.480234            
8.290106            
9.179176            
10.607175           
8.035002            
10.329538           
8.231095            
7.429592            
11.516334           
10.422209           
9.075669            
9.767157            
13.641494           
9.449599            
13.376834           
10.046609           
9.368250            
7.972399            
9.145447            
8.325181            
8.730292            
8.500973            
12.730050           
10.632621           
7.737763            
7.596055            
10.507398           
10.320013           
7.797429            
9.270814            
10.279091           
9.560316            
10.028574           
7.250629            
11.481130           
12.573592           
9.039522            
6.417097            
8.482609            
10.235484           
10.084260           
8.306504            
10.626260           
8.094073            
12.135284           
11.494452           
9.322104            
9.792869            
11.080369           
8.139266            
9.396326            
9.055798            
10.542460           
10.288108           
9.634458            
10.354533           
8.578456            
10.233679           
9.053757            
8.062741            
7.359320            
9.591138            
11.843581           
8.418908            
7.267835            
10.351185           
10.620503           
8.093435            
14.836927           
10.760281           
10.017759           
8.788899            
10.186625           
9.052164            
11.541485           
9.233855            
9.387226            
9.957902            
10.254908           
9.004000            
10.789515           
8.908755            
11.090724           
10.187817           
9.520940            
11.826706           
7.499870            
7.558899            
9.085164            
7.372995            
9.368139            
8.937870            
14.357182           
7.234339            
10.187488           
9.713403            
10.376763           
8.346755            
7.157413            
8.117138            
11.201553           
9.706486            
12.786395           
10.527493           
7.279888            
10.196851           
10.520421           
11.111656           
7.888056            
11.476490           
8.466204            
8.416939            
8.611312            
11.878895           
8.535439            
7.174483            
11.648025           
7.801704            
8.308890            
7.287978            
9.218421            
8.257206            
12.184236           
11.302055           
10.254726           
9.339680            
10.952972           
8.669574            
9.444975            
7.735554            
13.451281           
7.491014            
8.404353            
9.470455            
8.187137            
9.260266            
9.343245            
7.753200            
13.834515           
12.307734           
9.153527            
7.114962            
7.762243            
9.481831            
9.982521            
9.839231            
10.301034           
10.187875           
9.224297            
7.899261            
9.858253            
9.189232            
9.651523            
9.398231            
9.500814            
7.986710            
10.140806           
8.052483            
9.812738            
11.663749           
10.619843           
8.641717            
8.530721            
9.139129            
9.865977            
8.623655            
10.447580           
10.178046           
11.779636           
7.916252            
11.954019           
7.167231            
9.206331            
9.385345            
7.834194            
10.063408           
9.613452            
10.621922           
10.593228           
9.819795            
9.123801            
9.642691            
9.429658            
7.956463            
11.262562           
8.692890            
9.654928            
8.736337            
7.687585            
7.951142            
8.747182            
9.120870            
12.570879           
8.608308            
8.582064            
9.553677            
12.347905           
8.484741            
10.371913           
12.407482           
14.221231           
8.806096            
10.849995           
8.247400            
8.247277            
12.905644           
8.490794            
8.212827            
10.355400           
7.802537            
9.805577            
9.868881            
10.191927           
8.625319            
8.312110            
10.076313           
11.011768           
9.365854            
11.724793           
9.555653            
9.262946            
10.525422           
8.330421            
8.492197            
8.857813            
10.393926           
10.351160           
11.091733           
12.269868           
8.144829            
8.920488            
7.779233            
8.622897            
10.094310           
10.018783           
9.368026            
9.425147            
10.351391           
12.340607           
9.638132            
8.531132            
8.762483            
8.148560            
10.008125           
10.845690           
9.645229            
10.408413           
8.582992            
10.328137           
8.568663            
9.883946            
10.189117           
9.296149            
11.151091           
6.853835            
9.955599            
8.623371            
10.635473           
7.713673            
8.147753            
13.782777           
7.534977            
7.569051            
9.110730            
10.115465           
8.799093            
10.019493           
8.352250            
8.965617            
8.811229            
7.919182            
11.407046           
9.749640            
8.462998            
10.030174           
9.405229            
7.995227            
8.597902            
9.074806            
9.285859            
8.749139            
9.736226            
8.957210            
8.892369            
9.845648            
11.018916           
10.171857           
8.840829            
8.948534            
8.365952            
12.123721           
14.211247           
12.025329           
9.704495            
8.681499            
9.159057            
8.643920            
7.785556            
10.355833           
12.885813           
9.194205            
10.462897           
11.601043           
7.144763            
8.179027            
13.569411           
7.840191            
9.862905            
10.299858           
9.523382            
10.410820           
9.251918            
9.158252            
9.271382            
13.749592           
8.425851            
11.513526           
13.389597           
7.851978            
9.869101            
9.692081            
10.991749           
9.461512            
8.705861            
9.289831            
9.722168            
9.618088            
8.426216            
8.474997            
12.036051           
7.973495            
9.724185            
10.270686           
8.897894            
11.457988           
9.469619            
7.864225            
9.605875            
9.608313            
11.346574           
12.522679           
10.344963           
11.834611           
8.567063            
10.433677           
11.475493           
9.158153            
6.264479            
10.230154           
9.681362            
8.577785            
7.763060            
9.726039            
8.465517            
11.871652           
8.021950            
8.977141            
9.747917            
10.495798           
11.801676           
10.096076           
7.916081            
8.195773            
10.255753           
7.530405            
8.837841            
9.986984            
8.833868            
8.790335            
11.818970           
10.385901           
9.541960            
9.023122            
9.220547            
8.755993            
7.656529            
9.679258            
15.200121           
8.446391            
8.482609            
10.321153           
9.323222            
7.159685            
10.357187           
10.618005           
9.840043            
12.022487           
8.233250            
9.025208            
8.435089            
7.670290            
9.534286            
9.108251            
11.872698           
8.507122            
9.161237            
11.850276           
8.917117            
9.150424            
10.300858           
7.975891            
9.119292            
8.825074            
8.536857            
10.577829           
8.926639            
9.480191            
10.001071           
9.145616            
7.513298            
9.929671            
8.148882            
9.153624            
12.175426           
10.029322           
8.023074            
8.902218            
9.467219            
10.503308           
8.933461            
8.948436            
8.060396            
9.670672            
8.793594            
8.975190            
10.069094           
9.921333            
9.987055            
9.257221            
8.442129            
7.653899            
8.565251            
9.238287            
8.175278            
8.456976            
10.413898           
8.913571            
10.368382           
12.652674           
10.009666           
10.607652           
16.693357           
8.863460            
10.023164           
10.239044           
9.343989            
9.445354            
8.988142            
7.636856            
9.816635            
8.290094            
8.985227            
7.961805            
9.757964            
8.548622            
9.406770            
10.280758           
9.319020            
10.819035           
10.783022           
8.223035            
10.584513           
9.313435            
8.236586            
8.154803            
9.179614            
9.355602            
9.121817            
9.004770            
9.913481            
9.759601            
9.638131            
8.898701            
9.113793            
10.516937           
8.189387            
9.091397            
9.241006            
9.715182            
9.627153            
9.833267            
8.372905            
7.721270            
9.531978            
7.658996            
9.025667            
10.647907           
9.420311            
9.351513            
8.255260            
9.199592            
8.725188            
8.107231            
7.931293            
13.919773           
8.866930            
9.528802            
8.190754            
7.735471            
8.511882            
8.663685            
7.663684            
10.155766           
7.782157            
12.169059           
11.157134           
9.014411            
8.861567            
10.494515           
11.601501           
9.209257            
9.219704            
8.626456            
8.379342            
12.125790           
7.952404            
13.810449           
9.300402            
10.584886           
8.658778            
9.769314            
11.250209           
8.310568            
9.620780            
8.220072            
9.368410            
8.066304            
8.239803            
8.653599            
8.107855            
9.292897            
8.854105            
10.159406           
9.762854            
9.905587            
9.950203            
10.901277           
8.652738            
10.809181           
9.226657            
10.972396           
8.355919            
11.628486           
10.297502           
8.452211            
8.299180            
8.367801            
7.857547            
9.981509            
8.128299            
9.512020            
8.267025            
13.576763           
10.367288           
7.324693            
9.547735            
7.925721            
9.458157            
9.775226            
9.831144            
9.748318            
8.613255            
9.712046            
9.243869            
8.024238            
10.264365           
9.435440            
10.886991           
8.937985            
7.717947            
10.679927           
9.654714            
11.802755           
10.107162           
8.684872            
9.264740            
10.524780           
10.010988           
8.451490            
8.897277            
10.002228           
8.473648            
8.523109            
7.404827            
8.279882            
9.466660            
11.261299           
9.462042            
8.475338            
8.198308            
9.686035            
9.412320            
9.040040            
10.375094           
9.494438            
11.351598           
9.598134            
8.915831            
8.414240            
11.911075           
7.949442            
10.297152           
9.641615            
8.107297            
10.005247           
10.134066           
8.119028            
10.811492           
9.941709            
9.292106            
9.154613            
10.230118           
8.813964            
8.057974            
9.130907            
10.105395           
8.639219            
14.151538           
9.613939            
11.052522           
9.877460            
10.534741           
11.198920           
10.173639           
7.548069            
8.973108            
8.921767            
7.955884            
9.051526            
8.216633            
8.764380            
9.921454            
13.314123           
9.203422            
8.922985            
9.589052            
14.107837           
9.418884            
