8.985978            
8.147720            
13.077214           
7.833319            
8.344746            
8.520607            
8.486291            
10.802553           
10.635371           
7.111505            
7.644232            
11.664868           
9.250751            
12.847041           
9.662575            
10.760912           
7.978282            
8.430255            
8.981446            
8.180560            
10.286544           
8.334110            
7.771511            
8.977650            
10.147473           
9.115227            
13.017102           
9.839097            
8.656826            
12.108958           
9.468059            
7.894839            
7.571813            
9.007299            
9.271269            
10.551179           
14.345475           
9.653296            
8.920083            
8.828648            
10.101959           
7.857680            
8.676737            
12.432748           
8.382060            
11.622007           
8.396061            
9.670002            
9.226790            
9.903242            
10.170141           
10.366483           
12.498480           
10.285294           
8.951083            
9.501322            
8.869034            
8.037662            
10.120796           
8.976068            
10.370856           
9.192034            
8.519620            
9.510513            
9.085834            
9.846989            
13.314290           
8.823611            
11.797409           
9.098135            
8.479187            
10.525044           
8.042097            
8.140591            
8.275741            
7.140961            
8.717714            
9.486681            
9.436121            
10.741513           
10.057443           
8.294342            
8.535414            
9.866000            
8.524632            
9.156455            
8.753715            
9.838833            
8.224628            
8.846444            
9.739676            
10.221753           
10.797206           
11.498424           
9.430322            
9.083918            
9.086490            
8.800499            
10.158937           
9.791072            
12.464302           
10.834210           
11.862375           
9.437012            
9.344339            
10.164859           
8.900674            
9.010243            
9.306773            
7.881552            
8.998958            
8.525657            
8.079504            
8.221309            
11.795582           
10.076795           
8.115119            
8.915032            
8.628804            
9.569793            
8.320540            
12.024206           
8.522756            
9.528002            
8.738315            
9.210374            
9.103834            
8.209964            
11.582069           
10.447797           
8.089756            
8.654727            
9.564137            
9.246810            
9.680517            
7.651449            
8.039151            
9.553370            
8.909616            
8.321336            
14.212496           
9.849741            
9.226047            
12.895554           
7.227416            
11.308616           
8.900871            
12.637557           
7.947255            
8.411378            
8.701729            
8.605687            
8.957539            
8.472785            
11.348385           
10.204788           
8.455212            
10.215321           
11.791125           
7.897287            
10.532748           
10.192620           
11.465029           
11.757921           
9.151773            
8.101433            
8.027746            
12.059474           
9.356129            
9.883589            
8.658605            
9.726723            
10.056531           
8.430433            
8.614407            
8.291268            
10.935930           
7.153002            
11.085158           
11.353135           
9.120785            
10.058032           
9.072178            
8.963033            
8.563516            
11.892862           
8.811165            
13.634543           
8.532836            
8.772541            
9.190430            
8.882472            
9.035560            
9.233747            
11.445845           
13.895327           
9.051573            
9.167706            
6.792701            
8.788164            
11.205238           
9.479599            
8.505900            
8.679790            
10.306375           
12.028548           
11.444853           
8.623818            
10.457888           
10.704476           
9.501044            
10.087457           
7.553987            
7.870548            
9.070129            
9.367492            
8.860829            
10.899345           
9.823944            
10.954576           
9.753691            
14.186376           
7.541854            
8.013407            
11.013206           
8.115481            
9.929226            
11.390745           
8.826536            
9.584136            
7.942847            
8.298886            
8.628950            
9.082658            
9.420142            
9.508385            
9.450416            
11.271647           
9.794520            
10.495970           
8.792537            
8.402236            
11.357018           
10.626913           
7.883133            
7.900752            
8.717024            
8.894263            
10.358558           
9.009934            
12.912227           
8.245037            
10.057818           
7.610726            
8.211885            
8.898848            
9.096231            
10.552674           
8.047010            
8.976107            
8.273093            
9.109582            
8.433903            
7.955957            
9.436858            
8.986588            
7.249510            
12.061397           
8.611880            
11.441591           
6.920105            
10.048256           
11.397390           
10.952831           
7.575111            
11.531218           
11.303663           
9.399861            
6.993154            
9.972786            
9.484255            
9.309806            
8.346982            
9.765601            
8.385548            
8.820611            
11.071727           
8.034188            
15.106828           
12.816896           
8.639887            
9.100073            
9.330144            
9.882355            
9.318277            
8.739094            
8.320898            
11.043341           
18.582884           
9.982593            
9.238261            
9.799442            
9.057184            
11.323979           
9.105826            
8.993632            
11.516945           
7.783551            
10.951784           
8.151580            
10.229829           
8.730147            
10.073373           
9.445529            
9.722655            
9.041681            
11.318044           
7.832192            
8.722402            
8.761137            
8.276773            
9.362914            
9.657620            
8.915905            
11.306298           
10.517843           
9.996692            
11.074883           
9.400244            
8.920599            
8.600558            
9.472914            
9.783703            
9.601981            
8.366177            
9.851944            
8.115708            
9.116952            
11.485223           
11.006626           
8.596640            
9.049354            
8.037620            
6.717343            
10.142504           
12.339896           
11.818883           
8.142731            
11.569301           
10.851682           
9.064863            
10.603716           
8.590702            
8.193394            
7.931281            
8.393014            
11.939545           
7.615294            
8.699013            
9.341469            
7.772695            
11.327258           
9.038008            
12.213141           
10.565634           
9.499019            
9.377406            
10.001693           
8.377802            
8.267870            
8.891807            
8.680940            
11.364124           
8.335486            
10.733384           
9.960101            
8.488888            
9.303958            
10.659115           
12.172051           
9.267971            
7.166149            
9.011875            
10.371152           
7.346719            
9.000077            
7.603279            
9.688937            
13.454212           
9.091874            
9.756382            
7.297815            
10.668168           
8.028704            
11.388345           
11.697557           
8.297412            
9.273497            
8.524403            
9.652280            
8.595969            
8.705773            
10.310208           
7.873545            
8.375856            
10.519370           
8.826921            
9.969722            
8.367459            
9.019984            
8.497070            
9.807644            
9.285025            
14.488223           
9.752334            
10.194413           
9.948464            
6.705087            
8.930255            
9.431513            
10.612382           
8.316318            
9.424991            
10.463200           
9.550805            
7.966884            
9.515681            
9.641209            
11.137611           
10.364277           
8.115456            
12.614370           
9.198851            
9.159682            
10.083303           
7.085175            
8.932855            
9.050462            
10.248397           
8.491547            
9.986985            
9.481647            
8.980955            
8.357106            
11.716034           
8.379807            
12.192425           
9.065288            
11.254260           
9.197897            
8.354632            
11.342324           
9.838285            
11.745850           
8.786764            
8.441823            
9.252610            
10.968099           
9.096652            
8.607366            
9.118894            
10.372407           
9.158927            
10.250816           
9.280447            
7.950164            
8.234675            
10.942398           
8.082393            
12.575066           
8.837379            
13.109074           
8.978683            
10.882481           
8.956459            
9.691125            
9.902472            
7.769268            
7.628040            
8.444818            
11.037628           
9.708967            
9.338877            
9.878400            
6.896828            
10.501652           
10.297854           
7.813337            
9.744705            
9.924674            
9.413127            
11.401225           
10.354875           
9.330898            
9.338465            
9.163139            
8.314303            
10.862270           
8.851985            
7.781415            
9.566753            
7.415474            
8.346443            
7.372127            
11.613947           
8.724874            
7.238616            
10.152771           
7.999948            
9.330435            
12.337844           
11.520309           
8.343187            
9.425158            
10.613736           
10.902416           
12.023799           
9.893746            
8.267485            
6.940579            
7.903665            
8.437968            
9.386783            
7.838292            
10.563612           
10.791392           
8.348862            
10.486111           
7.098860            
9.319536            
9.114004            
7.762816            
7.388396            
13.220330           
8.986602            
9.156876            
9.006425            
8.304683            
8.803395            
7.736731            
8.771902            
9.574557            
10.269588           
11.262367           
9.991240            
13.511353           
10.360609           
9.831806            
9.363846            
8.949999            
9.940637            
8.124565            
10.029778           
9.248361            
7.683584            
9.328715            
11.771116           
10.453321           
11.244872           
9.834705            
8.324571            
8.394293            
8.580688            
8.027184            
9.003729            
9.528326            
8.340702            
8.524745            
8.403952            
7.610145            
8.908106            
10.369236           
9.443492            
9.366235            
9.031824            
9.185422            
10.079232           
10.495883           
8.260418            
10.203817           
8.803853            
8.202232            
8.220134            
12.890575           
9.791345            
9.019878            
8.140281            
9.870130            
9.659002            
9.525539            
8.703488            
10.392353           
9.280368            
9.942307            
8.230288            
11.993801           
8.758370            
8.445636            
10.178295           
8.035399            
7.528227            
9.403859            
10.328729           
8.646926            
8.661947            
10.086059           
9.413384            
9.518205            
10.297683           
9.674081            
10.009091           
7.908424            
11.853057           
9.755203            
7.154077            
12.382101           
8.361642            
8.868155            
9.805612            
11.173418           
9.521566            
12.515623           
12.117852           
14.819843           
9.108851            
8.474561            
13.554071           
7.382102            
10.130855           
8.922121            
9.866533            
10.549828           
10.501406           
11.535659           
13.568594           
9.505597            
8.988752            
8.528022            
7.457185            
9.525300            
9.341293            
11.356597           
9.178515            
8.767882            
14.173789           
9.000657            
8.153010            
9.573599            
8.408334            
10.359605           
16.126264           
9.348418            
11.149101           
9.497637            
8.570442            
11.427971           
10.637691           
11.227524           
9.230041            
13.411278           
9.099354            
9.277960            
8.349537            
9.799696            
9.503603            
9.229564            
8.706166            
9.925919            
8.622934            
9.516251            
8.952923            
9.990830            
7.942862            
9.716879            
8.452131            
8.918047            
9.486928            
9.443246            
12.450566           
8.643225            
8.859569            
10.272510           
9.867260            
8.678020            
10.977163           
7.310814            
9.484012            
7.986885            
8.321049            
8.518338            
9.920397            
11.073319           
10.758220           
8.620366            
9.625843            
8.072578            
11.263342           
10.237482           
10.963220           
7.907491            
9.071355            
8.460897            
11.223052           
8.468412            
8.926587            
10.089823           
8.913652            
10.945746           
8.768486            
9.197161            
9.382109            
12.286290           
8.496883            
9.532237            
9.283603            
9.846744            
9.709065            
9.928341            
8.289130            
8.698305            
8.542957            
9.103785            
11.284364           
9.666274            
9.927364            
8.258263            
10.007236           
8.100821            
9.390998            
8.674505            
9.138532            
9.757890            
8.865872            
9.574200            
9.768602            
9.717912            
9.487040            
8.301622            
10.557884           
9.215850            
8.184886            
10.459907           
10.763580           
7.168361            
9.447997            
10.126382           
10.100168           
9.006553            
9.353304            
9.786090            
9.194778            
10.193504           
8.488565            
8.966658            
10.639892           
12.843305           
11.471631           
8.954178            
9.184604            
8.487074            
13.742512           
9.315302            
9.000821            
8.594490            
8.826908            
9.997942            
8.653863            
9.638654            
10.244787           
9.745780            
10.147674           
12.674519           
8.416291            
8.847101            
9.328373            
10.209542           
9.831928            
12.356488           
11.087805           
12.098077           
9.919643            
10.714214           
11.042479           
10.616641           
8.390518            
9.137024            
8.419840            
8.339677            
11.099850           
7.944166            
8.540206            
9.373945            
11.938436           
9.388080            
13.380277           
8.998486            
9.271770            
11.124543           
7.335929            
10.022694           
9.414060            
7.844462            
8.234306            
8.099364            
8.985082            
11.383622           
8.856086            
9.062366            
8.549884            
9.553161            
7.634290            
11.426435           
8.915034            
8.127469            
9.023700            
8.587031            
7.248325            
9.276778            
9.118320            
11.198596           
10.204520           
9.233405            
10.672230           
9.566997            
10.929473           
10.974330           
8.430133            
8.100705            
11.162254           
8.454749            
10.404266           
8.508854            
9.909908            
10.900381           
9.467041            
10.624652           
10.523157           
8.688426            
9.403879            
8.117970            
7.851906            
8.384927            
12.614039           
8.966553            
8.416333            
9.019664            
8.022029            
10.502703           
9.275009            
9.346061            
8.487280            
9.999313            
8.149493            
9.879569            
8.935509            
8.323570            
8.825010            
8.285525            
10.694944           
8.584557            
7.525492            
8.716856            
8.069461            
10.778118           
9.184078            
10.355084           
7.869951            
8.925545            
9.917811            
9.892382            
8.554521            
8.049319            
10.007403           
9.576253            
8.080366            
9.111219            
6.910576            
9.735058            
9.210943            
8.336434            
8.917089            
9.353527            
9.430190            
8.069037            
9.546007            
11.119857           
10.107175           
8.577084            
8.889183            
8.690937            
10.435720           
9.959562            
9.736676            
9.494408            
8.182748            
10.824818           
13.135680           
10.927968           
9.420349            
9.735386            
10.026837           
10.307276           
8.915119            
8.996521            
11.008663           
9.078064            
10.378389           
7.856967            
9.797539            
13.305230           
9.801244            
9.034309            
10.157114           
11.280404           
7.637367            
7.948855            
9.305428            
10.847063           
7.675789            
7.961038            
9.413127            
9.198523            
9.563106            
9.469393            
8.184811            
9.096125            
10.297769           
9.744432            
9.254606            
9.244983            
10.143482           
16.436800           
8.935803            
9.619624            
9.145147            
8.764006            
9.287325            
8.465457            
9.821094            
12.901898           
8.922882            
9.362288            
9.596054            
10.761534           
10.437038           
9.688504            
9.041487            
8.479883            
8.294464            
8.309913            
8.167406            
8.440663            
9.311781            
10.082020           
9.570700            
10.779953           
8.843365            
9.866864            
9.118796            
10.914586           
11.424226           
9.472137            
10.405900           
10.352931           
11.187974           
10.918336           
9.438335            
12.965795           
8.080424            
12.519362           
8.298275            
10.360100           
8.552941            
8.320338            
8.040498            
10.759441           
12.901528           
9.183969            
8.924652            
8.942099            
9.267937            
9.125891            
11.693803           
11.178251           
8.592381            
7.870135            
10.540869           
11.400216           
8.691967            
8.778288            
10.469271           
8.544553            
9.052561            
9.030890            
8.024576            
7.996370            
9.189810            
8.592870            
11.114020           
