1                   1                   1                   1887                940.91              2.01                2.26                19169288.00         
2                   1                   1                   1808                885.60              2.04                2.29                18042380.00         
3                   1                   1                   3691                4646.34             0.79                0.66                94660486.00         
4                   1                   1                   254                 675.07              0.38                0.36                13753262.00         
5                   1                   1                   19                  175.83              0.11                0.11                3582259.00          
6                   1                   1                   303                 545.23              0.56                0.54                11108041.00         
7                   1                   1                   167                 70.96               2.35                2.38                1445687.00          
8                   1                   1                   849                 623.53              1.36                1.40                12703361.00         
9                   1                   1                   663                 499.00              1.33                1.35                10166114.00         
10                  1                   1                   677                 867.11              0.78                0.76                17665775.00         
11                  1                   1                   49                  115.25              0.43                0.42                2347939.00          
12                  1                   1                   322                 442.58              0.73                0.72                9016713.00          
13                  1                   1                   354                 479.06              0.74                0.73                9760021.00          
14                  1                   1                   2                   24.76               0.081               0.081               504456.00           
15                  1                   1                   13                  46.92               0.28                0.28                955926.00           
16                  1                   1                   114                 180.95              0.63                0.63                3686613.00          
17                  1                   1                   109                 62.45               1.75                1.75                1272258.00          
18                  1                   1                   18                  3.81                4.73                4.74                77527.00            
19                  1                   1                   273                 206.31              1.32                1.33                4203144.00          
20                  1                   1                   28                  10.65               2.63                2.63                217062.00           
21                  1                   1                   9                   1.35                6.68                6.69                27447.00            
22                  1                   1                   64                  38.97               1.64                1.65                793915.00           
