1                   430250                          -28.720000          -54.900000          626.13              2008/1/1          2008/12/31        988                 422.699830          1e-017              1887                940.91              2.01                2.26                19169288.00         F 
2                   431530                          -30.380000          -56.450000          818.86              2008/1/1          2008/12/31        941                 420.461844          1e-017              1808                885.60              2.04                2.29                18042380.00         T 
3                   290690                          -17.730000          -39.260000          1030.23             2008/1/1          2008/12/31        1917                197.569758          1e-017              3691                4646.34             0.79                0.66                94660486.00         F 
4                   330575                          -22.720000          -42.710000          104.94              2008/1/1          2008/12/31        59                  182.895403          1e-017              254                 675.07              0.38                0.36                13753262.00         T 
5                   293070                          -12.780000          -38.400000          24.24               2008/1/1          2008/12/31        6                   115.894879          1e-017              19                  175.83              0.11                0.11                3582259.00          T 
6                   210315                          -2.360000           -46.000000          464.90              2008/1/1          2008/12/31        302                 67.542895           1e-017              303                 545.23              0.56                0.54                11108041.00         T 
7                   316210                          -19.310000          -46.040000          153.51              2008/1/1          2008/12/31        74                  47.392007           9.99201e-016        167                 70.96               2.35                2.38                1445687.00          T 
8                   230426                          -5.910000           -39.260000          351.31              2008/1/1          2008/12/31        539                 39.535335           0.00000000000113    849                 623.53              1.36                1.40                12703361.00         T 
9                   510729                          -16.460000          -54.250000          645.71              2008/1/1          2008/12/31        452                 25.941749           0.000000228         663                 499.00              1.33                1.35                10166114.00         T 
10                  312015                          -17.230000          -40.910000          448.27              2008/1/1          2008/12/31        617                 24.681665           0.000000707         677                 867.11              0.78                0.76                17665775.00         T 
11                  240980                          -6.430000           -35.220000          80.44               2008/1/1          2008/12/31        89                  24.577425           0.000000777         49                  115.25              0.43                0.42                2347939.00          T 
12                  352040                          -23.770000          -45.350000          132.37              2008/1/1          2008/12/31        60                  18.977532           0.000119            322                 442.58              0.73                0.72                9016713.00          T 
13                  270850                          -9.310000           -35.560000          190.20              2008/1/1          2008/12/31        219                 18.847299           0.000134            354                 479.06              0.74                0.73                9760021.00          T 
14                  290140                          -12.000000          -44.690000          160.37              2008/1/1          2008/12/31        22                  17.756488           0.000356            2                   24.76               0.081               0.081               504456.00           T 
15                  150375                          -6.220000           -57.750000          423.25              2008/1/1          2008/12/31        31                  17.297270           0.000538            13                  46.92               0.28                0.28                955926.00           T 
16                  350920                          -23.350000          -46.870000          32.29               2008/1/1          2008/12/31        24                  14.526165           0.00646             114                 180.95              0.63                0.63                3686613.00          T 
17                  314340                          -22.430000          -46.570000          62.86               2008/1/1          2008/12/31        50                  14.280038           0.00806             109                 62.45               1.75                1.75                1272258.00          T 
18                  130406                          -4.250000           -69.930000          18.21               2008/1/1          2008/12/31        2                   13.787520           0.0120              18                  3.81                4.73                4.74                77527.00            T 
19                  350070                          -22.460000          -48.980000          146.96              2008/1/1          2008/12/31        164                 10.020666           0.298               273                 206.31              1.32                1.33                4203144.00          F 
20                  410160                          -24.150000          -49.820000          49.18               2008/1/1          2008/12/31        12                  9.725202            0.376               28                  10.65               2.63                2.63                217062.00           F 
21                  354750                          -21.700000          -47.470000          0                   2008/1/1          2008/12/31        1                   9.443028            0.449               9                   1.35                6.68                6.69                27447.00            F 
22                  221100                          -5.080000           -42.800000          0                   2008/1/1          2008/12/31        1                   6.754483            0.998               64                  38.97               1.64                1.65                793915.00           F 
