8.974131            
10.635722           
7.111495            
9.841552            
8.903781            
9.780839            
11.168001           
9.469673            
11.785441           
8.901205            
8.942604            
10.266302           
7.660903            
8.279240            
9.483196            
7.626912            
10.790813           
9.618625            
12.008105           
9.762033            
9.194430            
10.232136           
9.834709            
13.023817           
8.946563            
9.123263            
9.491071            
8.432642            
9.663575            
10.487126           
9.873407            
8.518137            
9.731236            
8.966039            
9.886849            
10.192481           
9.565673            
9.257571            
9.821123            
8.511558            
10.349298           
8.032287            
7.922941            
9.363143            
9.440167            
10.664908           
11.226790           
9.403215            
10.977112           
11.499498           
10.970583           
7.943512            
7.751449            
9.589999            
9.734773            
11.628947           
11.285856           
7.379204            
8.211446            
7.936040            
13.287489           
8.430052            
9.824895            
10.903652           
10.027903           
8.849955            
8.470016            
9.202995            
13.514439           
10.363954           
14.736601           
10.883358           
8.888980            
8.565727            
10.554145           
9.687355            
10.440179           
9.628192            
9.012182            
8.993699            
8.806329            
7.260134            
10.088928           
10.464034           
8.667655            
12.419423           
10.626756           
8.823229            
9.170690            
8.288133            
8.679471            
8.326094            
9.255912            
10.024200           
10.297699           
8.663412            
9.213172            
9.501114            
8.304883            
8.019381            
10.716789           
8.972849            
8.070473            
10.975669           
9.472457            
8.883418            
7.901897            
8.536579            
7.859931            
7.453671            
8.356607            
9.167312            
10.815870           
9.843594            
10.304043           
10.059915           
11.616242           
8.429366            
11.175793           
9.873089            
10.219963           
12.394172           
7.479867            
9.594627            
8.969075            
12.840463           
8.643853            
11.428473           
9.224250            
8.954454            
9.980413            
9.877360            
11.530936           
10.112547           
10.645171           
8.013003            
10.820397           
8.451085            
9.181547            
10.588056           
9.377999            
9.576703            
11.775908           
9.626552            
9.087706            
9.680446            
8.752722            
9.765713            
10.652602           
8.169860            
10.261761           
8.415875            
11.574442           
8.792829            
9.138663            
14.229729           
10.108197           
9.623388            
12.206404           
7.946713            
10.156342           
12.223761           
7.532037            
8.768983            
9.691119            
8.935451            
9.278705            
12.059102           
8.272466            
8.217948            
9.828529            
13.563542           
10.991340           
8.286580            
9.816811            
11.558811           
8.224463            
10.849735           
10.562481           
10.161731           
9.291873            
11.183946           
10.459275           
10.781170           
8.909960            
8.523989            
12.671228           
9.356112            
10.011361           
9.075481            
10.346559           
7.823537            
9.446082            
8.980894            
9.872619            
8.256851            
10.567950           
8.132971            
11.999976           
8.901799            
11.217220           
10.199429           
8.188787            
9.719541            
7.995972            
9.151895            
10.068870           
7.678328            
10.666497           
8.573400            
12.390354           
9.943672            
7.909284            
9.110689            
9.593454            
8.995520            
8.541817            
8.497248            
8.873809            
9.439737            
8.657919            
10.204702           
8.678338            
7.825526            
9.697449            
9.322930            
9.646835            
8.411480            
8.936922            
9.617472            
8.873362            
8.813122            
8.087902            
8.946653            
8.841956            
7.924446            
12.723914           
10.178857           
9.881201            
12.890092           
8.983641            
9.892926            
9.938520            
9.888447            
9.516320            
8.240112            
9.241395            
8.547594            
9.688623            
8.604296            
10.086151           
10.290899           
12.704446           
10.755446           
9.104831            
10.520887           
9.762272            
8.452378            
9.496721            
9.206162            
13.453776           
9.342841            
9.320230            
8.416844            
8.425102            
11.585269           
7.693855            
7.553673            
10.156029           
8.214708            
11.001515           
9.501403            
11.069281           
10.020171           
9.840578            
13.275143           
10.132375           
7.882460            
8.364349            
9.180537            
12.735694           
9.796142            
8.510301            
9.335478            
8.748515            
8.858021            
9.175897            
8.510746            
9.435406            
9.039350            
8.656382            
10.284915           
10.578516           
9.979127            
8.778977            
9.660850            
7.867262            
9.033828            
9.034257            
9.368217            
11.200584           
8.702268            
12.534607           
12.218854           
8.809572            
9.435087            
10.936773           
8.139719            
9.321479            
10.120365           
9.908588            
9.082203            
7.668821            
8.017368            
8.275555            
8.115641            
10.342745           
9.601015            
9.073208            
9.273915            
8.819145            
12.303169           
8.179408            
8.805242            
10.235049           
8.803914            
7.741166            
9.348075            
10.828449           
9.326347            
8.059790            
8.796443            
9.886117            
11.208896           
8.304024            
10.687235           
9.889860            
9.410633            
8.907763            
8.979742            
7.633967            
7.869866            
11.899820           
8.851170            
8.001844            
10.904524           
11.312956           
8.761026            
9.043474            
9.167672            
10.725846           
7.042286            
7.615310            
8.961996            
8.377271            
8.425422            
9.625145            
8.751469            
8.275250            
11.774009           
10.935536           
14.512563           
7.917783            
10.028789           
8.976991            
8.064686            
9.699552            
11.847859           
10.369301           
11.111715           
8.531063            
9.966187            
9.451580            
10.488471           
9.956135            
8.113674            
8.060586            
9.463343            
10.483500           
11.704423           
10.721192           
8.676879            
13.718537           
8.658167            
9.564725            
10.668817           
9.491123            
9.498355            
8.959655            
10.231670           
8.069199            
8.527355            
12.846550           
7.855171            
9.889988            
9.323975            
8.244362            
9.148715            
8.581734            
10.811492           
12.273896           
8.000655            
7.521790            
8.171109            
8.120000            
13.354192           
8.305703            
11.005598           
11.940097           
9.581872            
10.439920           
9.444837            
10.016471           
8.688289            
10.092568           
9.639074            
9.400998            
10.343365           
7.424163            
7.726233            
11.256217           
10.447396           
10.197445           
7.485082            
10.393861           
8.384874            
8.385106            
7.892624            
8.866070            
8.589652            
8.125500            
6.725016            
7.816394            
7.882367            
7.992366            
11.794536           
14.180271           
9.728065            
10.053258           
8.129089            
8.836663            
9.807857            
7.321522            
10.581864           
10.046618           
8.721304            
10.569564           
8.518813            
8.713960            
9.899582            
10.995774           
7.821381            
9.111397            
8.065109            
8.156387            
8.673057            
9.900238            
10.545286           
8.762176            
7.298773            
8.879641            
11.669142           
10.147804           
7.649451            
7.464887            
10.359814           
10.399526           
11.876492           
9.546470            
9.950289            
9.163047            
9.299931            
9.802773            
8.738408            
9.072536            
8.849748            
8.940482            
9.236293            
10.586521           
9.619189            
10.838616           
9.087647            
7.629380            
8.885480            
10.767345           
8.357458            
12.785029           
9.757875            
12.942005           
10.963793           
9.435195            
9.585580            
12.335150           
10.092768           
11.006497           
10.002441           
8.758024            
16.479012           
9.502157            
6.916548            
9.050031            
11.020460           
10.064037           
8.893702            
9.945864            
10.210545           
8.213820            
8.162847            
8.276154            
8.187775            
11.495694           
9.846695            
11.680771           
8.572812            
9.746774            
10.526008           
9.156075            
11.078878           
7.323729            
10.927025           
11.480386           
9.042784            
9.297387            
11.710854           
10.768965           
7.233705            
9.151000            
10.096175           
9.120338            
10.193173           
9.789197            
8.454177            
10.990605           
12.142947           
8.863245            
6.685632            
9.504882            
9.148976            
9.809424            
12.031968           
10.743643           
10.005036           
9.815529            
8.225675            
8.530403            
8.307436            
10.110092           
9.755872            
9.091704            
9.870902            
11.108213           
7.755172            
11.096126           
13.154078           
9.657134            
12.808088           
9.452988            
10.679654           
10.650992           
10.707732           
8.655831            
8.330417            
9.012702            
9.008964            
10.019136           
7.718230            
8.909514            
9.286219            
9.419137            
11.446810           
9.564543            
11.730223           
9.536903            
9.009475            
9.121642            
8.865990            
8.083289            
8.839966            
9.381626            
8.861807            
9.878635            
9.938068            
9.316173            
7.948339            
7.946318            
8.456143            
12.848870           
13.045501           
9.008067            
15.212233           
8.671906            
9.915923            
9.230155            
10.518702           
8.845943            
9.323974            
7.430965            
8.674880            
9.674786            
13.388836           
9.133654            
8.455677            
10.360462           
9.881869            
8.921507            
8.170241            
7.995727            
9.607246            
9.169321            
11.508133           
11.151699           
9.202876            
8.951759            
9.794409            
8.555162            
9.214427            
8.887612            
11.788731           
12.252292           
8.005686            
9.979725            
9.741466            
10.504531           
9.360614            
9.272113            
8.939756            
12.227132           
9.963620            
7.994703            
9.661057            
9.006097            
10.733591           
12.032803           
9.956329            
12.386112           
8.875813            
8.603881            
8.602401            
10.504142           
10.364000           
9.571690            
8.067318            
10.875810           
9.876556            
8.699377            
10.886162           
9.165033            
8.415142            
9.636510            
8.994552            
13.025322           
8.240189            
10.453102           
9.975654            
13.270753           
9.016508            
9.882984            
8.702829            
12.631655           
9.258219            
11.233171           
9.351568            
9.379351            
7.937086            
10.655251           
9.123725            
8.812536            
10.411024           
8.701128            
9.980672            
8.426755            
10.008787           
8.047823            
10.082373           
9.532890            
7.891525            
8.667440            
9.222902            
8.532528            
9.624762            
8.111280            
9.252302            
9.525599            
10.605775           
9.032897            
8.701136            
8.405002            
7.806473            
11.161448           
10.895654           
10.629531           
11.162048           
8.960959            
13.474648           
7.989978            
8.791890            
12.294286           
8.222885            
11.149765           
10.787462           
9.901348            
7.838538            
8.343304            
8.935002            
9.444163            
11.226066           
9.479352            
10.301093           
9.239063            
13.737256           
10.924855           
8.606470            
8.761968            
10.207040           
7.177591            
9.760474            
9.753322            
10.406006           
11.665401           
11.653077           
10.141145           
11.510169           
9.982625            
8.660582            
8.640332            
8.705815            
10.482272           
11.593512           
7.744683            
10.408050           
8.905618            
10.504142           
11.064345           
8.787982            
10.320315           
10.161784           
8.180191            
8.652217            
8.545428            
8.638938            
7.940904            
9.638200            
8.442487            
9.433388            
11.832468           
9.427637            
9.697783            
10.051251           
7.885860            
8.585746            
8.983341            
8.357518            
11.294252           
9.687741            
9.355277            
9.141239            
8.961227            
10.611658           
8.728505            
7.081828            
10.715174           
8.978648            
7.829956            
9.700989            
9.537998            
10.258220           
12.732579           
8.838263            
9.137159            
8.617363            
8.236929            
7.943578            
9.827234            
8.965044            
7.678372            
8.844504            
8.968409            
8.137370            
10.164557           
8.292917            
8.129323            
10.955782           
9.231791            
7.649256            
8.392168            
9.082277            
12.372129           
8.833688            
13.313465           
9.389631            
7.899603            
9.972783            
8.962267            
8.829817            
9.971081            
10.280046           
8.302875            
8.989686            
8.111326            
9.427168            
11.318218           
8.346932            
7.119238            
7.878408            
7.720532            
10.181613           
8.444802            
8.834059            
10.995019           
10.323553           
8.343058            
9.918956            
9.060018            
8.102329            
8.137959            
10.694101           
8.801475            
8.189751            
8.935400            
7.570308            
8.393354            
9.196342            
10.743954           
9.267676            
9.966492            
8.905227            
8.899184            
8.358719            
11.163649           
8.435697            
9.662844            
9.432376            
8.859956            
7.327830            
7.760765            
9.541167            
8.947888            
13.692624           
12.419084           
8.777435            
7.709547            
9.369133            
8.438891            
10.860886           
8.728220            
10.089099           
8.330008            
7.823406            
10.433162           
8.837455            
12.461673           
8.353067            
8.226460            
8.563679            
9.521466            
8.221767            
12.098459           
10.397819           
10.014021           
9.107481            
9.795799            
8.732620            
8.686582            
9.986630            
7.417416            
11.963733           
8.475290            
11.016758           
7.719401            
8.905488            
10.673086           
10.533624           
8.093408            
8.255700            
8.361953            
8.645665            
8.736687            
7.675210            
9.366791            
9.867805            
7.857839            
8.535614            
9.714209            
8.251306            
8.614588            
10.067818           
8.164731            
7.821660            
8.623734            
8.843366            
9.974287            
8.902022            
10.986160           
8.450138            
10.339206           
11.903483           
10.038782           
8.490094            
9.391466            
9.312204            
9.333127            
12.212694           
10.786809           
8.357949            
8.199057            
11.593061           
10.825246           
8.414873            
8.476017            
8.941872            
10.238223           
9.446963            
10.775643           
10.555429           
8.401751            
8.672333            
10.471184           
7.876902            
11.605391           
9.302625            
12.583996           
12.046592           
8.051084            
7.970958            
10.347310           
13.720172           
9.545675            
8.081168            
9.515869            
14.666236           
10.330829           
8.370419            
10.934111           
10.239418           
9.035879            
10.307710           
7.954359            
8.990889            
9.189451            
8.618160            
8.824751            
8.216411            
7.781608            
12.202242           
10.249668           
12.313304           
9.016941            
8.434423            
8.121037            
7.691656            
9.287123            
9.760031            
8.793245            
8.347173            
12.790652           
10.041210           
8.664805            
10.551948           
8.334993            
11.444528           
9.775303            
10.256617           
9.718489            
11.400571           
9.756413            
13.403063           
12.814926           
8.076647            
9.998828            
9.121878            
8.462362            
9.310281            
11.232982           
10.036864           
8.055962            
9.932894            
12.169134           
9.159746            
8.060854            
9.461561            
10.485806           
8.582378            
12.698238           
9.636653            
9.926470            
7.306528            
7.985144            
8.851836            
10.407364           
8.215699            
11.250511           
9.037605            
9.951514            
8.311463            
10.957048           
9.752408            
8.969910            
9.251165            
8.719794            
