1                   1                   1                   2014                1123.14             1.79                1.98                21487863.00         
2                   1                   1                   1567                823.65              1.90                2.06                15757923.00         
3                   1                   1                   2794                3699.32             0.76                0.67                70775020.00         
4                   1                   1                   365                 788.04              0.46                0.44                15076690.00         
5                   1                   1                   178                 416.25              0.43                0.42                7963620.00          
6                   1                   1                   265                 533.13              0.50                0.48                10199838.00         
7                   1                   1                   121                 288.90              0.42                0.41                5527241.00          
8                   1                   1                   1171                839.90              1.39                1.44                16068804.00         
9                   1                   1                   596                 402.65              1.48                1.51                7703366.00          
10                  1                   1                   53                  11.29               4.70                4.72                215905.00           
11                  1                   1                   940                 711.16              1.32                1.35                13605906.00         
12                  1                   1                   1379                1143.75             1.21                1.24                21882024.00         
13                  1                   1                   320                 454.96              0.70                0.69                8704161.00          
14                  1                   1                   432                 576.33              0.75                0.74                11026303.00         
15                  1                   1                   50                  97.37               0.51                0.51                1862858.00          
16                  1                   1                   85                  45.89               1.85                1.86                878023.00           
17                  1                   1                   10                  1.32                7.58                7.59                25241.00            
18                  1                   1                   127                 84.04               1.51                1.52                1607754.00          
19                  1                   1                   27                  55.58               0.49                0.48                1063302.00          
20                  1                   1                   6                   21.40               0.28                0.28                409340.00           
21                  1                   1                   4                   17.53               0.23                0.23                335454.00           
