1                   430187                          -30.200000          -57.550000          930.00              2013/1/1          2013/12/31        1042                328.993371          1e-017              2014                1123.14             1.79                1.98                21487863.00         F 
2                   432055                          -30.450000          -51.600000          472.13              2013/1/1          2013/12/31        753                 293.795182          1e-017              1567                823.65              1.90                2.06                15757923.00         T 
3                   293250                          -15.290000          -39.070000          950.73              2013/1/1          2013/12/31        1851                178.809506          1e-017              2794                3699.32             0.76                0.67                70775020.00         F 
4                   330520                          -22.830000          -42.100000          170.65              2013/1/1          2013/12/31        91                  151.193546          1e-017              365                 788.04              0.46                0.44                15076690.00         T 
5                   291610                          -12.880000          -38.670000          201.88              2013/1/1          2013/12/31        156                 89.828581           1e-017              178                 416.25              0.43                0.42                7963620.00          T 
6                   210632                          -2.040000           -45.950000          419.42              2013/1/1          2013/12/31        237                 86.459524           1e-017              265                 533.13              0.50                0.48                10199838.00         T 
7                   261420                          -8.590000           -35.110000          96.08               2013/1/1          2013/12/31        74                  63.968158           1e-017              121                 288.90              0.42                0.41                5527241.00          T 
8                   354130                          -21.760000          -52.110000          430.01              2013/1/1          2013/12/31        759                 63.796341           1e-017              1171                839.90              1.39                1.44                16068804.00         T 
9                   311440                          -20.970000          -46.110000          205.45              2013/1/1          2013/12/31        312                 42.249097           0.0000000000000656  596                 402.65              1.48                1.51                7703366.00          T 
10                  130020                          -4.370000           -70.190000          286.64              2013/1/1          2013/12/31        7                   40.348991           0.000000000000371   53                  11.29               4.70                4.72                215905.00           T 
11                  230150                          -6.320000           -40.160000          340.99              2013/1/1          2013/12/31        499                 36.096044           0.0000000000179     940                 711.16              1.32                1.35                13605906.00         T 
12                  354010                          -21.730000          -49.360000          315.07              2013/1/1          2013/12/31        692                 25.667879           0.000000242         1379                1143.75             1.21                1.24                21882024.00         F 
13                  354500                          -23.530000          -45.840000          79.83               2013/1/1          2013/12/31        46                  23.256394           0.00000218          320                 454.96              0.70                0.69                8704161.00          T 
14                  310470                          -18.040000          -41.110000          354.12              2013/1/1          2013/12/31        456                 20.848102           0.0000196           432                 576.33              0.75                0.74                11026303.00         T 
15                  240950                          -5.150000           -35.870000          117.44              2013/1/1          2013/12/31        57                  14.152533           0.00875             50                  97.37               0.51                0.51                1862858.00          T 
16                  521925                          -15.760000          -51.100000          189.86              2013/1/1          2013/12/31        86                  13.354803           0.0180              85                  45.89               1.85                1.86                878023.00           T 
17                  171780                          -12.090000          -46.470000          56.30               2013/1/1          2013/12/31        4                   11.577617           0.0980              10                  1.32                7.58                7.59                25241.00            F 
18                  353790                          -23.810000          -47.710000          67.37               2013/1/1          2013/12/31        23                  9.568613            0.445               127                 84.04               1.51                1.52                1607754.00          F 
19                  354995                          -23.850000          -46.940000          33.84               2013/1/1          2013/12/31        8                   9.124116            0.566               27                  55.58               0.49                0.48                1063302.00          F 
20                  292620                          -11.740000          -44.900000          118.28              2013/1/1          2013/12/31        13                  7.778419            0.950               6                   21.40               0.28                0.28                409340.00           F 
21                  110026                          -9.700000           -62.900000          115.55              2013/1/1          2013/12/31        13                  7.631163            0.970               4                   17.53               0.23                0.23                335454.00           F 
