1                   1                   1                   2499                1363.30             1.83                2.04                22697718.00         
2                   1                   1                   5076                6178.81             0.82                0.70                102871882.00        
3                   1                   1                   781                 1248.48             0.63                0.60                20786062.00         
4                   1                   1                   849                 1327.06             0.64                0.61                22094414.00         
5                   1                   1                   451                 817.30              0.55                0.53                13607337.00         
6                   1                   1                   381                 674.75              0.56                0.55                11234002.00         
7                   1                   1                   614                 364.20              1.69                1.72                6063636.00          
8                   1                   1                   342                 200.90              1.70                1.72                3344831.00          
9                   1                   1                   75                  24.22               3.10                3.11                403255.00           
10                  1                   1                   172                 95.03               1.81                1.82                1582186.00          
11                  1                   1                   121                 60.81               1.99                2.00                1012478.00          
12                  1                   1                   86                  37.81               2.27                2.28                629445.00           
13                  1                   1                   111                 195.42              0.57                0.56                3253530.00          
14                  1                   1                   583                 737.88              0.79                0.78                12285107.00         
15                  1                   1                   91                  157.31              0.58                0.58                2619130.00          
16                  1                   1                   82                  45.53               1.80                1.81                757970.00           
17                  1                   1                   16                  4.71                3.40                3.40                78459.00            
