1                   432240                          -29.750000          -57.080000          871.62              2017/1/1          2017/12/31        1056                438.804220          1e-017              2499                1363.30             1.83                2.04                22697718.00         T 
2                   292300                          -17.890000          -39.370000          1016.52             2017/1/1          2017/12/31        1884                196.317355          1e-017              5076                6178.81             0.82                0.70                102871882.00        F 
3                   351380                          -23.680000          -46.620000          41.28               2017/1/1          2017/12/31        29                  110.711268          1e-017              781                 1248.48             0.63                0.60                20786062.00         T 
4                   270680                          -10.400000          -36.430000          368.91              2017/1/1          2017/12/31        497                 108.955700          1e-017              849                 1327.06             0.64                0.61                22094414.00         T 
5                   330045                          -22.760000          -43.390000          79.20               2017/1/1          2017/12/31        38                  103.860876          1e-017              451                 817.30              0.55                0.53                13607337.00         T 
6                   210290                          -1.190000           -46.020000          501.30              2017/1/1          2017/12/31        257                 79.619957           1e-017              381                 674.75              0.56                0.55                11234002.00         T 
7                   311130                          -21.100000          -45.830000          188.96              2017/1/1          2017/12/31        277                 73.481401           1e-017              614                 364.20              1.69                1.72                6063636.00          T 
8                   220995                          -6.940000           -41.880000          255.04              2017/1/1          2017/12/31        190                 41.658799           0.000000000000131   342                 200.90              1.70                1.72                3344831.00          T 
9                   130390                          -3.370000           -68.870000          412.25              2017/1/1          2017/12/31        16                  34.095296           0.000000000124      75                  24.22               3.10                3.11                403255.00           T 
10                  241410                          -6.460000           -38.180000          121.19              2017/1/1          2017/12/31        131                 25.316856           0.000000351         172                 95.03               1.81                1.82                1582186.00          T 
11                  510617                          -13.980000          -51.790000          320.69              2017/1/1          2017/12/31        103                 23.205959           0.00000238          121                 60.81               1.99                2.00                1012478.00          T 
12                  313753                          -17.830000          -46.510000          142.36              2017/1/1          2017/12/31        25                  22.580563           0.00000419          86                  37.81               2.27                2.28                629445.00           T 
13                  130115                          -3.220000           -59.820000          380.38              2017/1/1          2017/12/31        32                  21.924577           0.00000758          111                 195.42              0.57                0.56                3253530.00          T 
14                  292110                          -17.370000          -40.220000          427.56              2017/1/1          2017/12/31        485                 18.547134           0.000161            583                 737.88              0.79                0.78                12285107.00         T 
15                  241440                          -5.190000           -35.460000          165.21              2017/1/1          2017/12/31        105                 16.679989           0.000875            91                  157.31              0.58                0.58                2619130.00          T 
16                  355380                          -23.530000          -49.240000          81.54               2017/1/1          2017/12/31        45                  11.831237           0.0730              82                  45.53               1.80                1.81                757970.00           F 
17                  170460                          -10.140000          -49.130000          51.54               2017/1/1          2017/12/31        7                   8.275540            0.822               16                  4.71                3.40                3.40                78459.00            F 
