7.943777            
8.987871            
11.598039           
9.750570            
10.435910           
9.212999            
9.535745            
9.052136            
10.062491           
10.532322           
8.735267            
7.826859            
8.007941            
10.743859           
8.716975            
9.807309            
7.552840            
10.523099           
9.554143            
10.116965           
9.642033            
10.659425           
8.463080            
10.231876           
8.986480            
8.516976            
9.294978            
9.023224            
10.611673           
8.215890            
8.321107            
9.528892            
7.643091            
8.549446            
12.286731           
8.429368            
10.012107           
10.266445           
6.777179            
7.114319            
12.099952           
10.454295           
13.947954           
10.398120           
14.406727           
9.267469            
14.107554           
7.575488            
8.312055            
8.483327            
11.937461           
8.955175            
11.966663           
9.244688            
8.932925            
8.306749            
8.838532            
8.408258            
12.539047           
9.054467            
8.130260            
9.327682            
10.527442           
8.458396            
8.662060            
11.102572           
11.961141           
8.227568            
8.022838            
8.164759            
9.836600            
9.418918            
9.730452            
8.898193            
8.445086            
8.360979            
8.911663            
11.172664           
8.038669            
8.750865            
10.183903           
10.648542           
8.453121            
11.098488           
12.038781           
9.296834            
8.279951            
11.139437           
9.783019            
12.978730           
8.949567            
10.489190           
9.073280            
8.472967            
7.601402            
8.665143            
9.655606            
9.692359            
12.787444           
9.462641            
10.455345           
7.546217            
10.498178           
8.846941            
7.769071            
12.124621           
8.599357            
10.215560           
10.647511           
10.548715           
10.211228           
9.237564            
9.534275            
9.539881            
9.992554            
7.864430            
9.839229            
9.551587            
9.233990            
7.939407            
9.395379            
8.174276            
7.831714            
10.109204           
8.895065            
10.040552           
8.671025            
10.166869           
8.379983            
10.376858           
11.102207           
9.092677            
9.176981            
9.897896            
9.891166            
9.502454            
8.692304            
8.162379            
9.577329            
10.155582           
11.502973           
11.725154           
8.442447            
9.903944            
8.975709            
8.423279            
9.495047            
11.479618           
9.795012            
9.200669            
8.646832            
9.077310            
9.080317            
11.443782           
9.459792            
9.334309            
9.169475            
8.144657            
7.107080            
10.399897           
8.534252            
9.867179            
8.246534            
8.772946            
10.076210           
8.987499            
9.655714            
8.622829            
8.684599            
9.936606            
9.052687            
8.776222            
9.854824            
11.466504           
9.631002            
9.090327            
8.104741            
9.065268            
9.975379            
8.312803            
10.170653           
12.374702           
9.966878            
8.312430            
7.814121            
10.701364           
9.152724            
7.967373            
10.690024           
10.269032           
8.436811            
10.051764           
10.326073           
11.569865           
9.059197            
11.629029           
8.111488            
10.687693           
8.437376            
7.311067            
7.914859            
9.164556            
11.694263           
9.558099            
11.707622           
10.172866           
9.240007            
8.295528            
8.896216            
9.310485            
9.535543            
7.726609            
8.402848            
8.276908            
9.929620            
9.550773            
12.383401           
8.877898            
8.821681            
9.976461            
11.122798           
9.128217            
9.654363            
8.596804            
11.556315           
9.381855            
7.732845            
9.126803            
9.273412            
7.000935            
10.740454           
10.170593           
14.213801           
9.613268            
10.441387           
8.170249            
7.834501            
9.376669            
9.317510            
8.996994            
13.325642           
9.525211            
10.088635           
9.599149            
8.964352            
9.465765            
8.612059            
8.995761            
9.161230            
8.621583            
8.925584            
7.684690            
7.355345            
9.699631            
8.570478            
9.638031            
8.508286            
7.534200            
8.869510            
9.314819            
8.352138            
10.519598           
14.412992           
8.811519            
9.150599            
8.476714            
8.342703            
9.749257            
7.648563            
8.595661            
10.971523           
10.903442           
8.581056            
10.702593           
10.259572           
10.298952           
8.997649            
7.453568            
8.618786            
9.135437            
8.998606            
8.162575            
10.189560           
11.548816           
8.047143            
10.966894           
6.849565            
10.943590           
9.329718            
7.345128            
10.089507           
9.413936            
8.766240            
8.175331            
9.978737            
8.050405            
12.666754           
8.594753            
9.087521            
7.767206            
9.926577            
10.792515           
7.920504            
7.842520            
8.989195            
9.348227            
9.443981            
9.589928            
9.593270            
9.082158            
8.541660            
7.150749            
10.717448           
8.625933            
10.304192           
9.494393            
8.191801            
9.951310            
8.944589            
9.197323            
8.444139            
11.905097           
9.583120            
8.648794            
9.624341            
9.365956            
8.103026            
8.236511            
8.537005            
11.404246           
10.129365           
9.051630            
11.988632           
8.118820            
10.755687           
8.428294            
7.531435            
10.389836           
9.959036            
10.925143           
8.945311            
8.371958            
11.377914           
14.356113           
10.056895           
8.801206            
13.412372           
7.607028            
9.334807            
10.260106           
10.429588           
7.984213            
8.444725            
8.711432            
7.466681            
10.113325           
7.418113            
8.151043            
7.312305            
7.511422            
9.260271            
8.739064            
11.960544           
8.167901            
8.771521            
10.277781           
8.798203            
9.703689            
11.049320           
9.554067            
10.623696           
9.998834            
8.755028            
9.711327            
6.472386            
8.276075            
12.001556           
9.746298            
8.046202            
11.293675           
11.281295           
7.959483            
9.453936            
13.659346           
13.401267           
10.394752           
11.584555           
10.775472           
8.569923            
9.050001            
9.300017            
9.861900            
11.249012           
8.656117            
8.641107            
9.405417            
9.816332            
9.896144            
7.510893            
6.991598            
7.694751            
8.613874            
9.627068            
8.049058            
9.530511            
10.171324           
9.330430            
7.343270            
10.810150           
8.478011            
9.825463            
9.991885            
8.922747            
12.437168           
9.468697            
9.439138            
8.603150            
9.266028            
8.877344            
8.964840            
9.962034            
8.064993            
8.852079            
7.600971            
9.890018            
8.057606            
11.385301           
8.618862            
8.307279            
7.458054            
9.173508            
7.684232            
7.924071            
10.503528           
8.503089            
9.923158            
11.208107           
10.242580           
7.762505            
8.734110            
9.674466            
9.266026            
9.943712            
8.777685            
8.256134            
9.022108            
12.417667           
8.296047            
12.809166           
8.598126            
10.027757           
9.034791            
8.570923            
9.164285            
10.809316           
8.529100            
10.750279           
8.481709            
6.686765            
11.262758           
10.687551           
12.145584           
10.195509           
8.448413            
9.280845            
9.446484            
12.056754           
6.713079            
11.158548           
10.006276           
11.952343           
7.920496            
8.494320            
9.002607            
13.520563           
12.756399           
9.114504            
10.425177           
10.596678           
9.581773            
7.951117            
9.369172            
8.042003            
8.716844            
8.554610            
8.644023            
8.150672            
8.246652            
7.879704            
8.313474            
11.457281           
9.108807            
10.706611           
7.847483            
11.901976           
9.624365            
8.143743            
8.526963            
9.470322            
10.441398           
8.556724            
7.996205            
9.157163            
8.900154            
10.505449           
8.022285            
10.495713           
8.267676            
10.898132           
10.486308           
9.316904            
9.835501            
7.097589            
11.566423           
11.131256           
10.291939           
7.665713            
8.204267            
9.700237            
13.752261           
8.525063            
13.542952           
10.294972           
8.263670            
8.137063            
10.753123           
9.269828            
10.770409           
8.444597            
8.967015            
8.026007            
12.137936           
10.886254           
11.765522           
10.558375           
8.284343            
11.129213           
8.691296            
11.003587           
8.312990            
9.169253            
9.242318            
9.714574            
8.471306            
16.798485           
12.248236           
10.049939           
9.955759            
7.789797            
8.382597            
10.691779           
10.817112           
8.844739            
9.568604            
10.843496           
9.623652            
8.894395            
15.101148           
9.383757            
10.291280           
10.724659           
9.096220            
9.457440            
9.278309            
9.201245            
8.934994            
9.658773            
13.432417           
8.043908            
10.743334           
9.504643            
9.400883            
10.767815           
10.338113           
8.706998            
7.953749            
8.981438            
9.711696            
8.874951            
7.140651            
7.580416            
9.548398            
11.011793           
8.274098            
9.591270            
7.604517            
9.071503            
9.643862            
11.163841           
8.816910            
10.696962           
8.890238            
8.170104            
8.000099            
8.120009            
10.065981           
9.473545            
8.523056            
13.316745           
8.495579            
7.877181            
10.101811           
10.999386           
8.845699            
9.953791            
7.673183            
8.054912            
8.245070            
10.311165           
9.113080            
9.419510            
8.819258            
10.049076           
10.639647           
10.634222           
9.580502            
11.472780           
11.302767           
11.009622           
8.514782            
9.617528            
9.243293            
10.810755           
10.567003           
10.487593           
8.858248            
9.482770            
8.638961            
11.747270           
8.853633            
10.252247           
9.245801            
9.983700            
14.706761           
11.056226           
7.592797            
7.067658            
11.937685           
10.381260           
7.551157            
12.215108           
10.018167           
10.398029           
9.491170            
11.928864           
10.416987           
9.731355            
9.359495            
8.258900            
12.723488           
10.133852           
10.075180           
10.292145           
12.095579           
12.031856           
7.934007            
11.399761           
8.621674            
14.414514           
9.412672            
10.777348           
9.052763            
9.317149            
8.422624            
8.272844            
10.046499           
10.019101           
8.062708            
8.009831            
8.927087            
9.649832            
8.353178            
8.425230            
10.341692           
10.831014           
9.591391            
9.404314            
9.791532            
10.243684           
11.527969           
10.463312           
11.723534           
9.206580            
10.374465           
9.732078            
9.118261            
8.271096            
9.805620            
9.703382            
9.719469            
11.029655           
11.965281           
11.068320           
9.308464            
8.093077            
9.736844            
9.282730            
9.132509            
9.824136            
9.416540            
10.269973           
9.842553            
8.842700            
10.590680           
7.566834            
7.344113            
13.474136           
10.715942           
10.370667           
10.489032           
7.980955            
8.547824            
7.624304            
9.729261            
10.128664           
11.834402           
10.997068           
9.155315            
8.388522            
8.525337            
9.540805            
10.927994           
9.648282            
9.698691            
7.970896            
10.663208           
10.334714           
8.546677            
10.459600           
10.148642           
10.209088           
8.688853            
12.304492           
7.609735            
9.857889            
11.622468           
12.582806           
8.501144            
8.520643            
6.843351            
8.553156            
6.960082            
10.048975           
9.606125            
9.014358            
7.884908            
8.592957            
8.526810            
8.625571            
8.981299            
7.967430            
8.239901            
8.837208            
9.653585            
8.818281            
8.958498            
8.213021            
7.987552            
8.087690            
8.278434            
9.115910            
9.384475            
9.650843            
9.630353            
10.802675           
9.638100            
8.296129            
9.208744            
13.103591           
9.054569            
7.963729            
11.360190           
10.421407           
8.178442            
9.131633            
9.290905            
7.819010            
8.986663            
10.536757           
8.868367            
7.411414            
12.153005           
8.276404            
8.718625            
10.019257           
9.414958            
7.681925            
9.924482            
9.766263            
10.160268           
10.334264           
9.760909            
8.221430            
9.252511            
8.372332            
12.513578           
12.616052           
9.254546            
9.507109            
9.842122            
7.402404            
9.765172            
8.437669            
9.868502            
10.725997           
7.831287            
9.588449            
8.665564            
9.188854            
7.926050            
9.565722            
10.095707           
9.049670            
9.978084            
8.992352            
9.811762            
9.796860            
8.968233            
8.050893            
10.098379           
9.554838            
9.632727            
7.857037            
9.292407            
8.739219            
7.899385            
9.876076            
7.599131            
10.304577           
7.900244            
7.690038            
11.739693           
10.855649           
9.088905            
8.928165            
8.875819            
9.105742            
6.783495            
7.404253            
7.513338            
9.932072            
10.122015           
8.633866            
9.200088            
8.536794            
8.396638            
8.393688            
8.432487            
10.566408           
10.307517           
11.087047           
8.070004            
9.420565            
8.585060            
9.880344            
8.569075            
8.478218            
9.892382            
9.850177            
9.421106            
10.563194           
8.600290            
9.975404            
8.662513            
11.138124           
8.291236            
11.479287           
8.302395            
8.986960            
8.739553            
8.129133            
13.393492           
10.773530           
10.239408           
9.384139            
8.942714            
8.272795            
10.207833           
12.720722           
9.830632            
9.237463            
9.634690            
8.188245            
8.961335            
11.419997           
10.899624           
10.736557           
10.116942           
9.772127            
8.823177            
9.701681            
9.210175            
7.482530            
9.077913            
9.831538            
11.587451           
10.062697           
8.222243            
8.229406            
8.850022            
8.158246            
8.911927            
8.971440            
14.822495           
11.615177           
8.080516            
10.046490           
9.859597            
10.215622           
10.040249           
10.923863           
8.099889            
10.419028           
10.915942           
8.368878            
8.835530            
9.365330            
11.168152           
7.914455            
7.839994            
9.097232            
9.686861            
8.913559            
7.981708            
9.917493            
9.693640            
11.232491           
11.676401           
11.853456           
9.461497            
9.125916            
8.323214            
9.878844            
10.548754           
8.736271            
9.328719            
7.900008            
9.263167            
10.277566           
10.196546           
13.337675           
10.811916           
7.262492            
11.096834           
8.911764            
9.125315            
9.504695            
9.266458            
7.879827            
12.311790           
10.100143           
8.980097            
13.302440           
7.647579            
11.264559           
9.290454            
10.419061           
8.793628            
11.815525           
9.692933            
8.868840            
8.407882            
8.980886            
12.103139           
8.230946            
11.098241           
8.573446            
10.847443           
7.183925            
10.386186           
10.038162           
9.030491            
12.314697           
9.749890            
8.314426            
8.009653            
8.956836            
10.512483           
10.577406           
12.910015           
9.038393            
9.489791            
8.910418            
8.023111            
10.705610           
8.101198            
9.980716            
10.889381           
8.266326            
9.432444            
8.537864            
9.822874            
8.505281            
9.474064            
12.814510           
10.014644           
9.470154            
8.576091            
9.902224            
