,MUNCOD,Total
0,110001,3
1,110037,3
2,110040,1
3,110002,9
4,110004,4
5,110080,2
6,110005,2
7,110007,1
8,110008,3
9,110010,4
10,110011,1
11,110013,2
12,110014,2
13,110033,2
14,110015,1
15,110020,22
16,110025,1
17,110028,4
18,110029,1
19,110149,2
20,110155,1
21,110175,1
22,110030,1
23,120010,2
24,120020,5
25,120030,2
26,120032,2
27,120034,2
28,120038,1
29,120080,2
30,120040,22
31,120045,1
32,120060,4
33,130008,1
34,130014,1
35,130020,3
36,130030,1
37,130040,1
38,130060,3
39,130070,2
40,130080,1
41,130100,2
42,130120,2
43,130130,2
44,130140,1
45,130150,1
46,130165,2
47,130170,2
48,130185,1
49,130190,2
50,130210,1
51,130230,1
52,130240,1
53,130250,1
54,130260,92
55,130280,3
56,130290,1
57,130310,1
58,130330,1
59,130340,6
60,130353,1
61,130356,3
62,130380,21
63,130390,12
64,130406,7
65,130420,4
66,130430,1
67,140005,2
68,140010,24
69,140015,4
70,140017,1
71,140023,1
72,140030,2
73,140045,1
74,140047,2
75,140060,1
76,150010,1
77,150020,4
78,150030,1
79,150040,3
80,150050,3
81,150060,1
82,150080,5
83,150085,2
84,150095,1
85,150100,1
86,150120,2
87,150130,1
88,150140,34
89,150178,3
90,150180,2
91,150195,2
92,150210,4
93,150215,2
94,150230,1
95,150240,3
96,150270,4
97,150275,2
98,150293,2
99,150304,1
100,150309,2
101,150310,1
102,150320,1
103,150330,3
104,150350,1
105,150360,4
106,150370,4
107,150380,1
108,150405,2
109,150420,14
110,150430,1
111,150442,1
112,150445,4
113,150460,1
114,150470,14
115,150495,1
116,150500,2
117,150503,3
118,150506,3
119,150510,2
120,150520,1
121,150530,1
122,150543,1
123,150548,1
124,150550,2
125,150553,18
126,150565,1
127,150570,1
128,150580,2
129,150600,3
130,150610,1
131,150613,5
132,150616,1
133,150618,2
134,150650,2
135,150658,3
136,150680,14
137,150700,1
138,150715,1
139,150720,1
140,150730,1
141,150740,1
142,150745,3
143,150750,1
144,150760,1
145,150795,3
146,150800,1
147,150808,1
148,150810,6
149,150812,2
150,150815,1
151,150820,2
152,150830,4
153,150840,1
154,160010,1
155,160027,1
156,160030,15
157,160050,1
158,160060,3
159,170035,1
160,170210,10
161,170220,2
162,170230,3
163,170240,2
164,170255,1
165,170290,1
166,170370,1
167,170380,1
168,170386,2
169,170388,2
170,170410,1
171,170550,1
172,170560,1
173,170650,1
174,170700,2
175,170710,1
176,170720,2
177,170770,2
178,170820,2
179,170825,1
180,170900,1
181,170930,2
182,170950,8
183,171070,1
184,171150,1
185,171190,4
186,171320,2
187,171330,1
188,171420,1
189,171488,1
190,171525,1
191,172100,10
192,171380,1
193,171610,3
194,171620,1
195,171630,1
196,171660,1
197,171800,2
198,171820,4
199,171875,1
200,171884,1
201,171890,1
202,172065,2
203,172110,1
204,172210,2
205,210005,5
206,210060,5
207,210070,1
208,210080,1
209,210090,1
210,210100,1
211,210120,11
212,210130,1
213,210140,4
214,210150,1
215,210160,5
216,210170,1
217,210193,1
218,210200,1
219,210210,3
220,210220,3
221,210232,1
222,210255,1
223,210270,1
224,210290,2
225,210300,6
226,210320,2
227,210325,1
228,210330,4
229,210340,2
230,210350,1
231,210355,4
232,210360,4
233,210390,1
234,210407,1
235,210450,1
236,210480,2
237,210500,1
238,210530,12
239,210540,1
240,210542,1
241,210560,1
242,210570,3
243,210650,1
244,210663,1
245,210740,1
246,210745,1
247,210750,2
248,210770,1
249,210780,4
250,210820,6
251,210830,2
252,210850,2
253,210860,3
254,210890,1
255,210900,1
256,210930,1
257,210945,1
258,210955,1
259,210960,1
260,210970,1
261,210975,1
262,210980,3
263,210990,2
264,211003,1
265,211030,2
266,211040,1
267,211050,1
268,211060,2
269,211070,1
270,211090,1
271,211120,3
272,211130,34
273,211140,1
274,211150,1
275,211153,1
276,211160,1
277,211200,1
278,211220,11
279,211223,2
280,211227,1
281,211230,1
282,211270,1
283,211280,1
284,211285,1
285,211400,1
287,220005,2
288,220030,2
289,220040,1
290,220050,1
291,220060,1
292,220105,1
293,220115,1
294,220140,2
295,220150,2
296,220155,1
297,220160,3
298,220170,2
299,220173,2
300,220190,1
301,220194,1
302,220200,1
303,220202,2
304,220205,1
305,220208,1
306,220211,1
307,220217,2
308,220220,5
309,220225,1
310,220245,1
311,220250,2
312,220260,4
313,220270,2
314,220280,1
315,220290,3
316,220320,1
317,220330,2
318,220340,2
319,220345,1
320,220342,1
321,220350,1
322,220370,2
323,220390,3
324,220430,1
325,220450,3
326,220470,1
327,220500,1
328,220520,1
329,220550,2
330,220555,1
331,220558,1
332,220570,3
333,220585,1
334,220595,1
335,220620,4
336,220640,1
337,220660,2
338,220667,1
339,220675,1
340,220690,1
341,220700,3
342,220710,1
343,220720,1
344,220730,1
345,220740,2
346,220770,3
347,220780,2
348,220790,3
349,220800,7
350,220810,2
351,220820,2
352,220830,3
353,220840,15
354,220865,1
355,220880,2
356,220915,1
357,220937,1
358,220935,1
359,220940,2
360,220980,1
361,220985,1
362,220990,1
363,221000,2
364,221010,1
365,221030,1
366,221035,1
367,221040,3
368,221060,3
369,221065,4
370,221070,2
371,221080,2
372,221090,1
373,221093,1
374,221095,1
375,221100,58
376,221110,3
377,221120,1
378,221140,1
379,221160,1
380,221170,2
381,230010,1
382,230020,2
383,230030,5
384,230050,2
385,230060,1
386,230090,6
387,230100,6
388,230110,1
389,230120,2
390,230125,3
391,230140,1
392,230150,1
393,230170,3
394,230180,1
395,230195,4
396,230200,1
397,230220,1
398,230240,5
399,230250,1
400,230260,2
401,230280,9
402,230290,1
403,230300,2
404,230320,2
405,230340,2
406,230350,1
407,230365,3
408,230370,16
409,230380,2
410,230390,1
411,230395,1
412,230410,5
413,230420,7
414,230425,3
415,230426,2
416,230428,3
417,230430,2
418,230435,1
419,230440,124
420,230465,1
421,230470,1
422,230490,2
423,230495,3
424,230500,1
425,230520,1
426,230523,3
427,230526,1
428,230530,1
429,230540,9
430,230550,14
431,230560,2
432,230570,2
433,230580,1
434,230590,3
435,230610,1
436,230625,2
437,230630,5
438,230640,5
439,230650,1
440,230655,5
441,230660,1
442,230700,7
443,230710,1
444,230725,1
445,230730,13
446,230750,1
447,230760,1
448,230763,1
449,230765,15
450,230770,11
451,230780,1
452,230790,1
453,230800,2
454,230830,1
455,230835,1
456,230850,5
457,230860,2
458,230870,5
459,230890,3
460,230900,1
461,230920,2
462,230930,1
463,230945,3
464,230950,3
465,230960,2
466,230970,2
467,231010,2
468,231020,3
469,231025,5
470,231030,8
471,231050,2
472,231070,2
473,231080,1
474,231085,2
475,231090,1
476,231110,6
477,231126,4
478,231130,7
479,231135,1
480,231140,2
481,231150,1
482,231160,2
483,231170,2
484,231180,5
485,231190,2
486,231220,5
487,231200,5
488,231230,3
489,231240,2
490,231260,1
491,231270,2
492,231280,1
493,231290,10
494,231310,3
495,231330,8
496,231335,1
497,231340,2
498,231350,5
499,231360,2
500,231375,2
501,231380,3
502,231395,3
503,231400,2
504,231410,5
505,240010,1
506,240020,6
507,240040,1
508,240060,1
509,240070,1
510,240080,2
511,240090,2
512,240100,5
513,240145,1
514,240160,1
515,240200,10
516,240230,2
517,240240,1
518,240250,1
519,240260,2
520,240270,2
521,240310,5
522,240350,1
523,240360,1
524,240370,1
525,240380,2
526,240400,1
527,240430,1
528,240450,1
529,240470,1
530,240485,1
531,240510,1
532,240520,2
533,240530,1
534,240560,1
535,240570,3
536,240580,2
537,240620,1
538,240630,1
539,240660,1
540,240700,1
541,240710,1
542,240730,1
543,240800,19
544,240810,20
545,240820,1
546,240830,1
547,240850,1
548,240870,1
549,240890,2
550,240325,9
551,240930,1
552,240940,3
553,240960,1
554,240980,1
555,241020,1
556,241040,1
557,241060,1
558,241100,3
559,241120,5
560,241150,2
561,241180,1
562,241220,2
563,241230,1
564,241240,3
565,241250,6
566,241260,1
567,241280,1
568,241290,1
569,241300,1
570,241335,2
571,241380,1
572,241410,1
573,241415,1
574,241440,2
575,241450,2
576,241480,2
577,250010,2
578,250030,1
579,250040,2
580,250060,2
581,250080,1
582,250090,1
583,250100,2
584,250110,1
585,250120,1
586,250130,3
587,250180,4
588,250205,1
589,250210,2
590,250320,7
591,250355,1
592,250370,3
593,250400,22
594,250403,1
595,250430,1
596,250440,1
597,250470,1
598,250480,3
599,250490,1
600,250500,1
601,250520,1
602,250535,1
603,250560,2
604,250590,1
605,250600,2
606,250625,1
607,250630,2
608,250640,2
609,250660,1
610,250690,1
611,250720,1
612,250750,28
613,250770,2
614,250790,2
615,250810,1
616,250830,1
617,250850,2
618,250900,1
619,250910,3
620,250933,2
621,250970,1
622,251000,1
623,251010,1
624,251065,1
625,251080,3
626,251130,1
627,251140,3
628,251170,1
629,251190,1
630,251203,1
631,251210,5
632,251250,1
633,251290,1
634,251300,2
635,251320,1
636,251340,1
637,251370,7
638,251350,1
639,251385,2
640,251390,3
641,251398,1
642,250070,1
643,251440,1
644,251450,1
645,251455,2
646,251480,1
647,251540,1
648,251530,7
649,251550,1
650,251590,1
651,251600,5
652,251620,3
653,251670,1
654,251680,1
655,251710,1
656,250550,1
657,260005,3
658,260010,1
659,260030,2
660,260050,4
661,260080,2
662,260090,1
663,260100,1
664,260110,6
665,260120,2
666,260130,3
667,260150,1
668,260160,1
669,260170,4
670,260190,3
671,260200,1
672,260210,3
673,260220,1
674,260230,3
675,260240,1
676,260260,2
677,260290,8
678,260300,1
679,260345,3
680,260350,1
681,260360,1
682,260390,4
683,260392,1
684,260400,4
685,260410,10
686,260450,1
687,260490,1
688,260500,1
689,260510,5
690,260520,1
691,260540,1
692,260570,2
693,260600,4
694,260620,3
695,260630,1
696,260640,5
697,260680,5
698,260690,1
699,260760,1
700,260720,1
701,260730,5
702,260750,1
703,260770,1
704,260775,1
705,260790,11
706,260795,1
707,260800,2
708,260810,2
709,260830,2
710,260840,1
711,260860,1
712,260870,1
713,260875,1
714,260880,2
715,260890,7
716,260900,2
717,260910,1
718,260930,1
719,260960,11
720,260990,3
721,261000,3
722,261020,2
723,261030,1
724,261040,2
725,261050,1
726,261060,2
727,261070,9
728,261080,1
729,261090,3
730,261100,3
731,261110,10
732,261120,2
733,261150,1
734,261160,51
735,261170,1
736,261210,1
737,261220,1
738,261245,2
739,261250,2
740,261255,2
741,261260,2
742,261270,1
743,261290,1
744,261300,8
745,261310,2
746,261330,1
747,261350,3
748,261360,1
749,261370,2
750,261380,1
751,261390,4
752,261400,1
753,261410,3
754,261420,1
755,261440,2
756,261450,5
757,261460,1
758,261470,3
759,261520,1
760,261530,1
761,261570,3
762,261580,1
763,261600,3
764,261610,1
765,261630,3
766,261640,6
768,270010,1
769,270020,2
770,270030,8
771,270050,1
772,270110,1
773,270150,1
774,270160,1
775,270210,2
776,270230,2
777,270235,1
778,270240,2
779,270250,1
780,270255,3
781,270260,3
782,270280,1
783,270290,1
784,270310,4
785,270330,1
786,270350,1
787,270360,1
788,270400,1
789,270430,29
790,270460,1
791,270470,3
792,270480,1
793,270510,1
794,270570,1
795,270630,6
796,270640,1
797,270642,1
798,270660,1
799,270680,1
800,270730,2
801,270770,2
802,270800,5
803,270830,1
804,270840,1
805,270850,4
806,270860,2
807,270880,1
808,270895,2
809,270920,2
810,270930,1
811,270940,1
812,280020,1
813,280030,26
814,280040,1
815,280050,3
816,280067,2
817,280110,1
818,280120,2
819,280130,2
820,280150,2
821,280200,1
822,280210,1
823,280230,1
824,280240,1
825,280260,1
826,280290,9
827,280300,2
828,280310,1
829,280320,3
830,280350,4
831,280360,1
832,280370,1
833,280380,1
834,280390,3
835,280400,1
836,280430,2
837,280445,1
838,280450,4
839,280460,1
840,280480,9
841,280560,1
842,280580,2
843,280590,1
844,280620,1
845,280670,3
846,280680,1
847,280700,1
848,280710,5
849,280720,1
850,280740,4
851,280750,1
852,290035,1
853,290070,5
854,290110,2
855,290115,1
856,290135,2
857,290190,4
858,290205,1
859,290270,5
860,290290,1
861,290300,1
862,290320,2
863,290323,2
864,290327,1
865,290340,1
866,290380,1
867,290395,1
868,290400,1
869,290405,1
870,290460,5
871,290475,2
872,290490,2
873,290510,1
874,290520,4
875,290530,2
876,290560,1
877,290570,5
878,290580,1
879,290590,1
880,290600,1
881,290610,1
882,290620,4
883,290630,1
884,290680,4
885,290685,1
886,290687,1
887,290689,1
888,290700,1
889,290710,1
890,290720,2
891,290760,3
892,290780,3
893,290840,2
894,290850,1
895,290860,1
896,290890,4
897,290920,2
898,290930,1
899,290970,2
900,290980,1
901,290990,3
902,291000,1
903,291005,2
904,291040,2
905,291050,1
906,290050,2
907,291060,3
908,291072,1
909,291080,7
910,291085,1
911,291090,1
912,291120,1
913,291130,1
914,291160,1
915,291170,4
916,291180,2
917,291190,1
918,291200,1
919,291210,1
920,291220,1
921,291240,1
922,291250,1
923,291340,1
924,291350,1
925,291360,8
926,291370,3
927,291390,2
928,291410,3
929,291450,1
930,291460,6
931,291465,2
932,291470,1
933,291480,7
934,291530,1
935,291560,2
936,291580,1
937,291610,3
938,291620,1
939,291640,2
940,291650,2
941,291670,1
942,291700,3
943,291710,1
944,291720,4
945,291740,2
946,291750,1
947,291760,3
948,291770,1
949,291780,1
950,291800,11
951,291810,2
952,291840,4
953,291850,5
954,291855,1
955,291860,1
956,291880,1
957,291905,2
958,291915,3
959,291920,5
960,291955,2
961,291970,1
962,291980,6
963,292000,1
964,292010,1
965,292020,2
966,292080,1
967,292090,2
968,292100,1
969,292105,1
970,292145,1
971,292150,6
972,292170,3
973,292180,1
974,292200,1
975,292205,1
976,292210,1
977,292240,1
978,292250,1
979,292260,1
980,292290,3
981,292300,2
982,292303,1
983,292310,2
984,292330,1
985,292340,2
986,292360,2
987,292380,3
988,292400,5
989,292410,1
990,292430,4
991,292450,1
992,292470,1
993,292500,6
994,292510,3
995,292520,1
996,292530,3
997,292560,1
998,292575,1
999,292600,4
1000,292640,2
1001,292650,2
1002,292660,2
1003,292665,1
1004,292700,3
1005,292710,1
1006,292720,1
1007,292740,65
1008,292750,1
1009,292790,1
1010,292810,2
1011,292820,2
1012,292880,1
1013,292910,3
1014,292920,1
1015,292925,3
1016,292940,1
1017,292950,1
1018,292970,1
1019,292990,1
1020,293000,2
1021,293010,6
1022,293020,1
1023,293015,1
1024,293040,1
1025,293050,1
1026,293070,2
1027,293076,1
1028,293077,2
1029,293090,1
1030,293100,1
1031,293120,1
1032,293135,4
1033,293140,1
1034,293170,2
1035,293190,2
1036,293200,2
1037,293240,3
1038,293245,1
1039,293270,1
1040,293280,5
1041,293290,4
1042,293330,18
1043,293345,1
1044,293350,1
1045,293360,1
1047,310010,3
1048,310020,1
1049,310030,1
1050,310060,1
1051,310090,1
1052,310100,2
1053,310120,1
1054,310140,1
1055,310150,1
1056,310160,7
1057,310200,3
1058,310205,1
1059,315350,1
1060,310220,1
1061,310230,1
1062,310240,1
1063,310250,2
1064,310260,7
1065,310280,1
1066,310300,1
1067,310340,1
1068,310350,4
1069,310370,1
1070,310375,1
1071,310390,1
1072,310400,9
1073,310410,2
1074,310420,6
1075,310430,5
1076,310440,1
1077,310450,1
1078,310490,3
1079,310510,3
1080,310540,1
1081,310560,17
1082,310590,2
1083,310600,1
1084,310610,1
1085,310620,150
1086,310630,1
1087,310650,1
1088,310665,1
1089,310670,18
1090,310680,1
1091,310710,4
1092,310720,3
1093,310730,1
1094,310740,2
1095,310750,1
1096,310780,1
1097,310790,2
1098,310800,1
1099,310820,1
1100,310870,2
1101,310860,4
1102,310880,1
1103,310890,1
1104,310900,4
1105,310910,2
1106,310920,1
1107,310930,2
1108,310940,1
1109,310960,1
1110,310270,1
1111,311000,1
1112,311030,2
1113,311050,5
1114,311060,2
1115,311070,1
1116,311080,1
1117,311090,1
1118,311100,2
1119,311110,2
1120,311120,3
1121,311130,3
1122,311150,3
1123,311160,3
1124,311190,1
1125,311170,1
1126,311200,3
1127,311250,1
1128,311300,3
1129,311320,2
1130,311340,4
1131,311360,1
1132,311370,1
1133,311420,3
1134,311430,4
1135,311440,1
1136,311455,4
1137,311460,1
1138,311480,2
1139,311510,4
1140,311530,4
1141,311535,1
1142,311540,1
1143,311550,2
1144,311580,2
1145,311660,2
1146,311700,1
1147,311710,2
1148,311730,2
1149,311770,1
1150,311780,1
1151,311783,2
1152,311790,1
1153,311800,2
1154,311820,1
1155,311830,8
1156,311840,2
1157,311860,21
1158,311880,4
1159,311890,1
1160,311900,3
1161,311910,1
1162,311920,1
1163,311930,1
1164,311940,5
1165,311950,3
1166,311990,1
1167,311995,1
1168,312020,1
1169,312050,1
1170,312070,1
1171,312080,2
1172,312090,7
1173,312125,1
1174,312130,1
1175,312150,4
1176,312160,4
1177,312200,2
1178,312220,1
1179,312230,18
1180,312235,1
1181,312240,1
1182,312250,1
1183,312260,1
1184,312270,1
1185,312300,1
1186,312320,3
1187,312330,1
1188,312390,1
1189,312400,1
1190,312410,3
1191,312420,2
1192,312430,3
1193,312470,2
1194,312480,1
1195,312510,3
1196,312540,2
1197,312610,9
1198,312620,1
1199,312700,2
1200,312710,7
1201,312720,1
1202,312730,1
1203,312733,2
1204,312750,1
1205,312770,14
1206,312800,2
1207,312830,2
1208,312870,5
1209,312900,1
1210,312930,2
1211,312940,2
1212,312950,4
1213,312980,5
1214,313020,1
1215,313050,2
1216,313090,2
1217,313120,2
1218,313130,7
1219,313150,1
1220,313170,13
1221,313190,1
1222,313210,2
1223,313230,1
1224,313240,2
1225,313250,1
1226,313310,1
1227,313320,2
1228,313330,1
1229,313340,1
1230,313350,6
1231,313360,1
1232,313380,8
1233,313420,5
1234,313440,2
1235,313450,1
1236,313460,2
1237,313490,5
1238,313505,1
1239,313510,3
1240,313520,2
1241,313535,2
1242,313550,2
1243,313570,1
1244,313600,1
1245,313610,1
1246,313620,3
1247,313630,4
1248,313640,1
1249,313670,26
1250,313690,5
1251,313700,1
1252,313710,1
1253,313720,3
1254,313730,1
1255,313740,1
1256,313750,3
1257,313760,2
1258,313780,1
1259,313820,7
1260,313840,3
1261,313862,1
1262,313880,1
1263,313900,3
1264,313925,1
1265,313930,1
1266,313940,4
1267,313980,1
1268,314000,3
1269,314015,2
1270,314050,3
1271,314070,2
1272,314090,1
1273,314100,1
1274,314130,1
1275,314140,1
1276,314150,1
1277,314180,1
1278,314220,1
1279,314225,1
1280,314250,2
1281,314280,2
1282,314290,2
1283,314300,4
1284,314310,2
1285,314320,3
1286,314340,4
1287,314330,17
1288,314390,10
1289,314400,2
1290,314430,1
1291,314440,2
1292,314450,1
1293,314465,1
1294,314470,1
1295,314480,7
1296,314510,2
1297,314520,2
1298,313660,2
1299,314530,1
1300,314535,1
1301,314560,4
1302,314590,1
1303,314600,4
1304,314610,5
1305,314630,1
1306,314655,1
1307,314640,1
1308,314650,3
1309,314690,2
1310,314710,5
1311,314700,2
1312,314720,2
1313,314740,2
1314,314760,1
1315,314770,1
1316,314780,1
1317,314790,3
1318,314800,17
1319,314810,11
1320,314820,1
1321,314850,1
1322,314875,1
1323,314890,1
1324,314910,1
1325,314930,5
1326,314940,2
1327,314960,3
1328,314995,1
1329,315080,3
1330,315100,1
1331,315120,2
1332,315140,2
1333,315150,2
1334,315160,1
1335,315170,7
1336,315180,10
1337,315200,2
1338,315210,3
1339,315217,1
1340,315220,2
1341,315230,1
1342,315240,3
1343,315250,14
1344,315260,1
1345,315270,1
1346,315280,3
1347,315290,1
1348,315320,1
1349,315340,3
1350,315370,1
1351,315400,1
1352,315445,1
1353,315460,15
1354,315470,1
1355,315490,1
1356,315500,1
1357,315520,3
1358,315540,2
1359,315570,1
1360,315580,1
1361,315610,1
1362,315660,1
1363,315670,6
1364,315680,1
1365,315690,1
1366,315700,3
1367,315720,1
1368,315725,1
1369,315737,2
1370,315770,4
1371,315780,9
1372,315800,1
1373,315810,1
1374,315940,1
1375,315930,2
1376,315960,1
1377,315970,1
1378,315980,1
1379,315840,1
1380,315870,1
1381,315895,4
1382,315990,2
1383,316040,2
1384,316045,2
1385,316070,1
1386,316080,1
1387,316100,2
1388,316110,1
1389,316160,2
1390,316170,2
1391,316180,1
1392,316200,1
1393,316210,3
1394,316220,1
1395,316230,1
1396,316240,1
1397,316245,3
1398,316250,7
1399,316255,1
1400,316260,1
1401,316290,1
1402,316292,1
1403,316320,2
1404,316350,3
1405,316390,1
1406,316410,1
1407,316450,2
1408,316460,1
1409,316470,5
1410,316520,3
1411,316500,1
1412,316510,2
1413,316530,2
1414,316550,3
1415,316560,1
1416,316570,1
1417,316580,1
1418,316680,1
1419,316690,1
1420,316710,1
1421,316720,13
1422,316740,1
1423,316760,2
1424,316790,1
1425,316800,1
1426,316850,1
1427,316860,11
1428,316870,1
1429,316900,2
1430,316930,3
1431,316935,1
1432,316990,7
1433,317000,2
1434,317005,1
1435,317010,24
1436,317020,30
1437,317040,10
1438,317052,1
1439,317070,9
1440,317080,8
1441,317103,2
1442,317120,2
1443,317130,6
1444,317140,1
1445,317200,5
1446,317210,1
1447,317220,2
1449,320016,2
1450,320013,1
1451,320020,2
1452,320030,1
1453,320040,1
1454,320060,2
1455,320080,2
1456,320110,2
1457,320120,17
1458,320130,18
1459,320140,1
1460,320150,8
1461,320190,6
1462,320220,2
1463,320225,2
1464,320230,1
1465,320240,7
1466,320245,3
1467,320250,1
1468,320255,1
1469,320265,2
1470,320270,2
1471,320290,2
1472,320300,3
1473,320316,1
1474,320320,5
1475,320330,2
1476,320335,2
1477,320340,1
1478,320350,1
1479,320370,2
1480,320380,1
1481,320390,4
1482,320405,1
1483,320410,2
1484,320420,1
1485,320425,1
1486,320440,1
1487,320450,1
1488,320455,7
1489,320460,1
1490,320480,1
1491,320490,2
1492,320495,1
1493,320500,19
1494,320503,1
1495,320506,2
1496,320510,3
1497,320515,1
1498,320520,9
1499,320530,16
1500,330010,6
1501,330015,2
1502,330020,7
1503,330023,1
1504,330025,2
1505,330030,1
1506,330040,6
1507,330045,7
1508,330050,1
1509,330060,4
1510,330070,4
1511,330080,2
1512,330090,1
1513,330100,12
1514,330120,1
1515,330130,1
1516,330150,2
1517,330170,15
1518,330185,1
1519,330187,3
1520,330190,6
1521,330200,3
1522,330210,1
1523,330220,4
1524,330225,1
1525,330230,1
1526,330240,1
1527,330245,1
1528,330250,8
1529,330270,1
1530,330280,1
1531,330285,6
1532,330290,3
1533,330300,1
1534,330310,1
1535,330320,5
1536,330330,12
1537,330340,10
1538,330350,14
1539,330360,2
1540,330380,1
1541,330390,10
1542,330400,1
1543,330410,1
1544,330411,1
1545,330412,1
1546,330414,5
1547,330420,5
1548,330430,3
1549,330440,3
1550,330452,4
1551,330455,198
1552,330470,6
1553,330480,1
1554,330490,13
1555,330500,1
1556,330510,7
1557,330513,1
1558,330515,1
1559,330530,1
1560,330540,1
1561,330550,1
1562,330560,2
1563,330570,1
1564,330580,5
1565,330590,1
1566,330610,12
1567,330620,4
1568,330630,5
1570,350010,2
1571,350030,2
1572,350040,2
1573,350050,3
1574,350070,9
1575,350100,1
1576,350110,1
1577,350130,1
1578,350140,2
1579,350160,8
1580,350170,2
1581,350190,3
1582,350210,3
1583,350230,1
1584,350275,3
1585,350280,9
1586,350290,2
1587,350320,11
1588,350330,3
1589,350340,1
1590,350350,1
1591,350370,3
1592,350380,2
1593,350390,4
1594,350400,3
1595,350410,7
1596,350420,2
1597,350450,14
1598,350510,1
1599,350520,1
1600,350530,4
1601,350535,1
1602,350550,8
1603,350560,1
1604,350570,13
1605,350580,1
1606,350590,4
1607,350600,14
1608,350610,5
1609,350630,1
1610,350635,1
1611,350650,5
1612,350660,4
1613,350670,1
1614,350700,4
1615,350715,1
1616,350720,1
1617,350750,7
1618,350760,7
1619,350780,1
1620,350790,1
1621,350800,2
1622,350840,1
1623,350850,2
1624,350860,3
1625,350870,2
1626,350900,6
1627,350910,1
1628,350920,6
1629,350925,2
1630,350950,46
1631,350960,2
1632,350970,2
1633,350995,1
1634,351010,2
1635,351020,3
1636,351030,2
1637,351040,2
1638,351050,5
1639,351060,8
1640,351100,4
1641,351110,8
1642,351130,1
1643,351150,3
1644,351170,1
1645,351200,3
1646,351280,1
1647,351300,4
1648,351310,2
1649,351340,3
1650,351350,5
1651,351360,1
1652,351370,2
1653,351380,18
1654,351390,1
1655,351410,5
1656,351440,4
1657,351460,1
1658,351470,1
1659,351500,9
1660,351510,1
1661,351518,1
1662,351519,1
1663,355730,1
1664,351535,1
1665,351540,2
1666,351550,4
1667,351570,8
1668,351620,17
1669,351630,7
1670,351640,14
1671,351650,1
1672,351670,5
1673,351690,1
1674,351710,1
1675,351740,1
1676,351760,1
1677,351800,1
1678,351810,2
1679,351820,1
1680,351840,5
1681,351850,1
1682,351860,3
1683,351870,20
1684,351880,60
1685,351900,1
1686,351907,8
1687,351930,4
1688,351940,1
1689,351960,4
1690,351970,8
1691,352000,3
1692,352030,2
1693,352042,2
1694,352044,1
1695,352040,3
1696,352050,12
1697,352130,1
1698,352150,1
1699,352160,1
1700,352170,2
1701,352190,4
1702,352210,6
1703,352220,5
1704,352230,15
1705,352240,3
1706,352250,4
1707,352260,8
1708,352270,3
1709,352280,1
1710,352290,1
1711,352310,9
1712,352320,7
1713,352330,3
1714,352340,8
1715,352350,1
1716,352360,1
1717,352370,2
1718,352390,6
1719,352400,2
1720,352410,1
1721,352430,1
1722,352440,10
1723,352470,1
1724,352480,3
1725,352490,1
1726,352500,4
1727,352510,1
1728,352520,1
1729,352530,7
1730,352550,2
1731,352570,1
1732,352580,2
1733,352590,18
1734,352600,2
1735,352610,1
1736,352640,1
1737,352650,1
1738,352670,2
1739,352680,1
1740,352690,14
1741,352710,7
1742,352720,2
1743,352725,1
1744,352740,1
1745,352750,1
1746,352760,1
1747,352770,1
1748,352800,2
1749,352840,2
1750,352850,6
1751,352860,1
1752,352900,12
1753,352920,2
1754,352930,7
1755,352940,10
1756,352970,1
1757,353000,1
1758,352990,1
1759,353010,2
1760,353020,1
1761,353030,2
1762,353050,5
1763,353060,22
1764,353070,16
1765,353080,5
1766,353100,1
1767,353130,4
1768,353140,1
1769,353150,2
1770,353180,6
1771,353270,1
1772,353282,1
1773,353290,1
1774,353300,1
1775,353340,3
1776,353325,1
1777,353350,3
1778,353390,3
1779,353430,1
1780,353440,18
1781,353460,5
1782,353470,6
1783,353490,1
1784,353510,1
1785,353530,1
1786,353540,2
1787,353550,3
1788,353560,1
1789,353570,2
1790,353580,2
1791,353600,1
1792,353610,3
1793,353620,1
1794,353650,2
1795,353670,2
1796,353680,1
1797,353700,1
1798,353710,3
1799,353715,1
1800,353730,4
1801,353740,1
1802,353760,5
1803,353780,3
1804,353790,1
1805,353800,4
1806,353810,4
1807,353820,2
1808,353860,4
1809,353870,22
1810,353880,1
1811,353890,2
1812,353900,1
1813,353910,2
1814,353930,5
1815,353940,1
1816,353950,1
1817,353980,5
1818,354000,1
1819,354020,2
1820,354050,2
1821,354060,1
1822,354070,5
1823,354100,15
1824,354120,1
1825,354130,1
1826,354140,12
1827,354150,3
1828,354160,1
1829,354210,3
1830,354220,2
1831,354230,1
1832,354240,2
1833,354260,2
1834,354290,1
1835,354300,2
1836,354330,4
1837,354340,38
1838,354370,2
1839,354390,12
1840,354410,1
1841,354420,1
1842,354350,1
1843,354425,1
1844,354460,1
1845,354515,1
1846,354520,5
1847,354530,4
1848,354570,1
1849,354580,7
1850,354600,1
1851,354630,3
1852,354640,3
1853,354660,3
1854,354750,2
1855,354730,3
1856,354780,26
1857,354790,1
1858,354800,2
1859,354805,1
1860,354850,25
1861,354860,1
1862,354870,27
1863,354880,6
1864,354890,16
1865,354910,7
1866,354925,1
1867,354940,3
1868,354970,4
1869,354980,26
1870,354990,21
1871,355010,4
1872,355020,3
1873,355030,561
1874,355060,7
1875,355070,2
1876,355080,1
1877,355100,14
1878,355110,2
1879,355140,2
1880,355160,1
1881,355150,3
1882,355170,3
1883,355210,3
1884,355220,32
1885,355240,10
1886,355250,13
1887,355260,1
1888,355280,11
1889,355330,2
1890,355340,1
1891,355365,2
1892,355370,5
1893,355385,1
1894,355390,1
1895,355400,15
1896,355410,10
1897,355430,2
1898,355450,2
1899,355500,3
1900,355510,2
1901,355540,5
1902,355570,1
1903,355600,2
1904,355610,1
1905,355620,6
1906,355630,1
1907,355635,1
1908,355640,3
1909,355645,4
1910,355650,7
1911,355660,1
1912,355670,1
1913,355680,1
1914,355690,1
1915,355700,4
1916,355710,4
1918,410010,1
1919,410040,5
1920,410060,1
1921,410050,1
1922,410100,1
1923,410120,3
1924,410140,14
1925,410150,7
1926,410160,2
1927,410170,2
1928,410180,6
1929,410230,1
1930,410240,1
1931,410250,1
1932,410260,2
1933,410275,1
1934,410290,3
1935,410304,1
1936,410320,2
1937,410335,2
1938,410345,1
1939,410350,2
1940,410360,1
1941,410370,6
1942,410380,1
1943,410390,2
1944,410400,1
1945,410420,6
1946,410425,1
1947,410430,5
1948,410440,2
1949,410442,5
1950,410450,1
1951,410460,2
1952,410465,1
1953,410470,3
1954,410480,19
1955,410490,7
1956,410520,2
1957,410540,2
1958,410550,3
1959,410570,2
1960,410580,5
1961,410600,2
1962,410630,1
1963,410640,2
1964,410650,2
1965,410680,1
1966,410660,2
1967,410690,80
1968,410700,1
1969,410715,1
1970,410710,2
1971,410720,4
1972,410725,1
1973,412863,1
1974,410740,1
1975,410760,2
1976,410765,6
1977,410773,2
1978,410785,1
1979,410780,1
1980,410790,1
1981,410800,1
1982,410810,1
1983,410830,16
1984,410845,1
1985,410840,16
1986,410850,4
1987,410855,1
1988,410865,2
1989,410870,1
1990,410880,1
1991,410930,2
1992,410940,9
1993,410960,3
1994,410970,3
1995,410975,1
1996,410980,3
1997,411007,2
1998,411020,1
1999,411060,1
2000,411070,3
2001,411120,1
2002,411150,1
2003,411180,1
2004,411190,1
2005,411200,2
2006,411220,2
2007,411250,1
2008,411260,1
2009,411280,1
2010,411320,1
2011,411325,1
2012,411330,3
2013,411340,1
2014,411370,24
2015,411400,1
2016,411410,1
2017,411420,3
2018,411460,10
2019,411470,1
2020,411480,1
2021,411490,1
2022,411510,1
2023,411520,20
2024,411540,3
2025,411560,1
2026,411573,2
2027,411580,3
2028,411605,1
2029,411610,3
2030,411620,1
2031,411670,2
2032,411690,3
2033,411695,2
2034,411700,1
2035,411705,1
2036,411710,2
2037,411720,1
2038,411725,1
2039,411721,1
2040,411722,2
2041,411727,1
2042,411730,3
2043,411750,3
2044,411760,3
2045,411770,3
2046,411780,3
2047,411790,2
2048,411810,2
2049,411820,7
2050,411840,2
2051,411880,2
2052,411885,3
2053,411900,1
2054,411915,5
2055,411920,3
2056,411930,3
2057,411950,3
2058,411960,2
2059,411970,1
2060,411980,1
2061,411990,15
2062,411995,3
2063,412030,1
2064,412040,1
2065,412050,3
2066,412060,5
2067,412065,3
2068,412080,1
2069,412090,4
2070,412100,3
2071,412120,1
2072,412150,2
2073,412170,2
2074,412180,1
2075,412190,1
2076,412217,1
2077,412230,2
2078,412240,3
2079,412250,2
2080,412265,1
2081,412300,3
2082,412350,4
2083,412380,2
2084,412382,1
2085,412385,1
2086,412390,1
2087,412402,1
2088,412405,1
2089,412410,7
2090,412460,1
2091,412480,1
2092,412490,1
2093,412520,2
2094,412545,2
2095,412550,9
2096,412560,3
2097,412570,2
2098,412580,1
2099,412590,1
2100,412610,1
2101,412625,6
2102,412660,1
2103,412667,1
2104,412670,1
2105,412710,1
2106,412720,1
2107,412760,1
2108,412770,9
2109,412780,1
2110,412795,1
2111,412796,1
2112,412800,2
2113,412810,6
2114,412820,6
2115,412860,1
2116,412850,2
2118,420005,1
2119,420040,1
2120,420050,1
2121,420055,1
2122,420060,1
2123,420100,1
2124,420125,1
2125,420130,3
2126,420140,5
2127,420150,1
2128,420160,1
2129,420170,2
2130,420200,11
2131,421280,3
2132,420208,2
2133,420210,3
2134,420220,1
2135,420240,21
2136,420257,1
2137,420260,1
2138,420245,1
2139,420270,1
2140,420280,2
2141,420285,1
2142,420287,1
2143,420290,10
2144,420300,4
2145,420310,1
2146,420320,3
2147,420360,4
2148,420370,1
2149,420380,4
2150,420390,4
2151,420395,1
2152,420410,1
2153,420420,21
2154,420425,1
2155,420430,13
2156,420440,2
2157,420455,1
2158,420450,5
2159,420460,9
2160,420475,1
2161,420480,3
2162,420490,1
2163,420500,3
2164,420510,1
2165,420520,2
2166,420540,34
2167,420545,2
2168,420550,2
2169,420590,7
2170,420600,2
2171,420610,1
2172,420620,2
2173,420630,5
2174,420650,2
2175,420660,1
2176,420670,2
2177,420690,3
2178,420700,6
2179,420710,4
2180,420720,2
2181,420730,5
2182,420750,6
2183,420765,2
2184,420768,1
2185,420770,4
2186,420780,2
2187,420785,1
2188,420810,2
2189,420820,19
2190,420830,7
2191,420840,1
2192,420850,1
2193,420890,13
2194,420900,4
2195,420910,42
2196,420920,1
2197,420930,13
2198,420940,2
2199,420960,1
2200,420980,2
2201,421000,2
2202,421010,4
2203,421020,1
2204,421050,2
2205,421060,2
2206,421080,3
2207,421100,3
2208,421120,3
2209,421130,9
2210,421150,3
2211,421170,5
2212,421175,3
2213,421180,1
2214,421189,1
2215,421190,4
2216,421250,1
2217,421270,1
2218,421290,8
2219,421340,3
2220,421350,2
2221,421360,2
2222,421380,1
2223,421400,2
2224,421440,1
2225,421450,1
2226,421480,2
2227,421470,1
2228,421490,1
2229,421500,2
2230,421507,2
2231,421510,1
2232,421535,2
2233,421550,1
2234,421555,2
2235,421567,1
2236,421568,1
2237,421570,2
2238,421580,2
2239,421590,1
2240,421600,2
2241,421610,3
2242,421620,1
2243,421630,2
2244,421640,1
2245,421650,5
2246,421660,14
2247,421670,2
2248,421680,2
2249,421700,5
2250,421710,1
2251,421730,2
2252,421740,3
2253,421770,1
2254,421780,2
2255,421795,1
2256,421800,2
2257,421820,5
2258,421830,3
2259,421840,3
2260,421870,9
2261,421875,3
2262,421880,3
2263,421885,1
2264,421890,1
2265,421900,4
2266,421910,1
2267,421915,1
2268,421917,1
2269,421930,2
2270,421935,1
2271,421950,2
2272,421970,2
2273,430003,1
2274,430010,2
2275,430030,4
2276,430040,4
2277,430050,4
2278,430060,12
2279,430063,1
2280,430064,2
2281,430066,1
2282,430070,2
2283,430080,1
2284,430090,1
2285,430100,4
2286,430107,1
2287,430105,1
2288,430120,5
2289,430110,1
2290,430130,5
2291,430140,3
2292,430150,1
2293,430155,1
2294,430160,9
2295,430163,1
2296,430192,1
2297,430200,2
2298,430210,7
2299,430220,3
2300,430222,2
2301,430225,1
2302,430235,2
2303,430240,1
2304,430245,1
2305,430260,1
2306,430270,3
2307,430280,5
2308,430300,8
2309,430310,9
2310,430340,1
2311,430350,7
2312,430360,1
2313,430367,2
2314,430370,5
2315,430380,1
2316,430390,4
2317,430400,3
2318,430420,9
2319,430435,2
2320,430440,7
2321,430450,16
2322,430460,18
2323,430461,1
2324,430462,1
2325,430463,8
2326,430466,5
2327,430468,2
2328,430469,1
2329,430467,2
2330,430471,1
2331,430470,5
2332,430480,1
2333,430490,2
2334,430500,1
2335,430510,53
2336,430512,1
2337,430515,1
2338,430520,1
2339,430530,2
2340,430535,1
2341,430543,1
2342,430544,1
2343,430545,3
2344,430550,1
2345,430560,1
2346,430580,2
2347,430590,1
2348,430593,1
2349,430595,1
2350,430600,5
2351,430605,4
2352,430607,2
2353,430610,11
2354,430613,2
2355,430630,2
2356,430632,2
2357,430637,1
2358,430640,4
2359,430650,2
2360,430660,2
2361,430655,1
2362,430673,2
2363,430675,1
2364,430676,3
2365,430680,1
2366,430690,6
2367,430692,1
2368,430693,2
2369,430697,1
2370,430700,9
2371,430755,2
2372,430760,3
2373,430770,6
2374,430780,5
2375,430781,1
2376,430790,5
2377,430800,1
2378,430810,1
2379,430820,1
2380,430825,1
2381,430843,3
2382,430845,1
2383,430850,2
2384,430860,4
2385,430870,2
2386,430890,3
2387,430900,1
2388,430910,2
2389,430920,8
2390,430930,8
2391,430940,1
2392,430710,1
2393,430957,2
2394,430960,1
2395,430970,3
2396,431000,8
2397,431010,2
2398,431020,6
2399,431030,1
2400,431033,2
2401,431036,1
2402,431040,1
2403,431043,2
2404,431050,2
2405,431057,1
2406,431060,5
2407,431080,1
2408,431085,2
2409,431100,4
2410,431110,3
2411,431112,1
2412,431115,1
2413,431120,2
2414,431127,2
2415,431130,6
2416,431140,17
2417,431142,1
2418,431160,1
2419,431162,1
2420,431164,1
2421,431171,2
2422,431170,1
2423,431173,1
2424,431175,3
2425,431177,1
2426,431180,6
2427,431190,1
2428,431205,1
2429,431220,1
2430,431225,3
2431,431238,1
2432,431240,5
2433,431244,2
2434,431245,3
2435,431247,1
2436,431250,4
2437,431265,3
2438,431270,1
2439,431275,1
2440,431280,1
2441,431290,4
2442,431295,1
2443,431300,1
2444,431320,4
2445,431330,7
2446,431340,22
2447,431344,1
2448,431346,1
2449,431350,7
2450,431360,1
2451,431365,3
2452,431370,3
2453,431380,3
2454,431390,4
2455,431395,3
2456,431402,2
2457,431403,1
2458,431405,4
2459,431406,1
2460,431407,2
2461,431410,22
2462,431413,1
2463,431415,1
2464,431420,1
2465,431430,1
2466,431440,28
2467,431442,1
2468,431450,1
2469,431455,3
2470,431460,5
2471,431470,3
2472,431475,1
2473,431480,3
2474,431490,77
2475,431530,2
2476,431535,2
2477,431540,2
2478,431550,2
2479,431555,2
2480,431560,25
2481,431570,4
2482,431575,1
2483,431580,1
2484,431600,2
2485,431640,4
2486,431645,2
2487,431660,1
2488,431710,3
2489,431675,1
2490,431680,31
2491,431690,25
2492,431695,1
2493,431720,3
2494,431730,5
2495,431700,1
2496,431740,14
2497,431750,12
2498,431760,4
2499,431770,2
2500,431780,4
2501,431790,7
2502,431800,3
2503,431805,1
2504,431810,1
2505,431820,3
2506,431830,5
2507,431840,3
2508,431845,1
2509,431848,1
2510,431850,2
2511,431870,10
2512,431880,2
2513,431890,4
2514,431915,1
2515,431920,2
2516,431930,4
2517,431935,1
2518,431937,1
2519,431940,5
2520,431950,1
2521,431960,3
2522,431973,1
2523,431980,3
2524,431990,9
2525,432000,10
2526,432010,2
2527,432020,2
2528,432030,2
2529,432045,1
2530,432050,1
2531,432065,1
2532,432067,2
2533,432070,5
2534,432080,3
2535,432090,1
2536,432100,3
2537,432110,4
2538,432120,5
2539,432130,4
2540,432135,1
2541,432140,5
2542,432145,7
2543,432146,1
2544,432147,3
2545,432149,2
2546,432150,5
2547,432160,5
2548,432163,1
2549,432166,2
2550,432170,5
2551,432180,5
2552,432183,1
2553,432190,10
2554,432195,1
2555,432200,5
2556,432220,6
2557,432225,1
2558,432230,2
2559,432234,1
2560,432235,1
2561,432237,2
2562,432240,5
2563,432250,6
2564,432253,3
2565,432252,2
2566,432260,17
2567,432270,6
2568,432280,3
2569,432285,1
2570,432290,1
2571,432300,18
2572,432310,3
2573,432330,1
2574,432345,1
2575,432375,1
2576,432377,2
2577,432380,1
2578,500020,1
2579,500060,13
2580,500085,1
2581,500090,2
2582,500100,1
2583,500110,4
2584,500124,1
2585,500200,1
2586,500210,1
2587,500220,2
2588,500230,2
2589,500240,1
2590,500270,47
2591,500280,1
2592,500290,3
2593,500295,1
2594,500310,1
2595,500315,5
2596,500320,6
2597,500325,3
2598,500330,3
2599,500345,1
2600,500350,1
2601,500370,26
2602,500375,1
2603,500380,1
2604,500410,1
2605,500430,3
2606,500440,1
2607,500450,2
2608,500460,1
2609,500470,2
2610,500480,6
2611,500500,2
2612,500515,3
2613,500525,1
2614,500568,3
2615,500570,4
2616,500600,1
2617,500620,4
2618,500630,5
2619,500635,10
2620,500660,6
2621,500690,2
2622,500710,3
2623,500720,1
2624,500780,1
2625,500770,1
2626,500790,3
2627,500793,1
2628,500795,5
2629,500830,8
2630,510020,3
2631,510025,1
2632,510030,3
2633,510040,2
2634,510125,2
2635,510140,2
2636,510170,3
2637,510180,4
2638,510190,1
2639,510250,6
2640,510260,1
2641,510263,2
2642,510267,2
2643,510270,2
2644,510279,2
2645,510300,4
2646,510325,1
2647,510330,1
2648,510335,3
2649,510337,3
2650,510340,23
2651,510350,3
2652,510385,1
2653,510410,2
2654,510452,1
2655,510480,1
2656,510510,3
2657,510515,6
2658,510525,1
2659,510560,1
2660,510590,1
2661,510615,2
2662,510895,1
2663,510622,3
2664,510625,2
2665,510626,1
2666,510628,1
2667,510629,1
2668,510630,3
2669,510637,1
2670,510642,1
2671,510650,1
2672,510675,2
2673,510682,1
2674,510700,3
2675,510704,7
2676,510706,1
2677,510760,15
2678,510774,1
2679,510726,1
2680,510780,1
2681,510785,2
2682,510729,1
2683,510740,1
2684,510790,13
2685,510792,6
2686,510795,4
2687,510820,1
2688,510840,13
2689,510850,1
2690,510860,3
2691,520005,1
2692,520010,1
2693,520025,9
2694,520030,1
2695,520055,2
2696,520080,2
2697,520110,23
2698,520130,3
2699,520140,19
2700,520160,1
2701,520170,1
2702,520250,1
2703,520320,1
2704,520330,4
2705,520340,2
2706,520350,2
2707,520390,3
2708,520425,3
2709,520430,2
2710,520440,2
2711,520450,5
2712,520455,1
2713,520470,1
2714,520490,1
2715,520500,1
2716,520510,1
2717,520530,3
2718,520545,1
2719,520547,1
2720,520549,4
2721,520551,2
2722,520580,1
2723,520620,1
2724,520640,1
2725,520650,1
2726,520830,2
2727,520740,2
2728,520780,1
2729,520790,2
2730,520800,6
2731,520840,1
2732,520860,8
2733,520870,68
2734,520880,4
2735,520910,3
2736,520940,1
2737,520990,1
2738,520995,1
2739,521000,2
2740,521010,1
2741,521020,2
2742,521030,1
2743,521040,1
2744,521080,2
2745,521150,9
2746,521180,3
2747,521190,6
2748,521220,3
2749,521230,2
2750,521250,15
2751,521270,1
2752,521310,11
2753,521350,1
2754,521370,1
2755,521380,5
2756,521385,2
2757,521390,1
2758,521405,1
2759,521440,1
2760,521450,2
2761,521460,6
2762,521480,1
2763,521483,1
2764,521500,1
2765,521520,1
2766,521523,1
2767,521530,2
2768,521550,1
2769,521560,2
2770,521630,1
2771,521640,1
2772,521645,1
2773,521680,1
2774,521690,1
2775,521710,3
2776,521720,2
2777,521740,2
2778,521760,8
2779,521800,2
2780,521810,1
2781,521830,3
2782,521839,2
2783,521850,3
2784,521860,1
2785,521870,2
2786,521880,12
2787,521890,1
2788,521930,3
2789,521945,1
2790,521970,2
2791,521973,1
2792,521975,2
2793,522010,4
2794,522020,7
2795,522028,1
2796,522040,3
2797,522045,6
2798,522050,1
2799,522060,2
2800,522068,1
2801,522119,1
2802,522140,10
2803,522160,3
2804,522170,1
2805,522180,1
2806,522185,4
2807,522200,2
2808,522205,1
2810,530010,135
