,MUNCOD,Total
0,110001,3
1,110037,1
2,110040,1
3,110002,10
4,110045,1
5,110060,1
6,110004,5
7,110070,2
8,110080,2
9,110005,1
10,110092,1
11,110006,2
12,110094,1
13,110009,3
14,110010,4
15,110011,5
16,110012,5
17,110013,1
18,110130,1
19,110140,1
20,110014,1
21,110033,2
22,110050,2
23,110015,3
24,110018,5
25,110020,32
26,110025,1
27,110028,6
28,110149,1
29,110032,1
30,110155,1
31,110160,1
32,110170,1
33,110030,5
34,120013,2
35,120020,6
36,120025,2
37,120030,4
38,120033,1
39,120034,5
40,120080,1
41,120040,31
42,120050,4
43,120060,4
44,120070,4
45,130002,1
46,130006,4
47,130014,2
48,130020,4
49,130040,2
50,130050,1
51,130060,10
52,130068,1
53,130070,2
54,130100,2
55,130120,2
56,130140,7
57,130150,2
58,130160,1
59,130170,2
60,130180,2
61,130185,1
62,130190,3
63,130195,2
64,130210,1
65,130220,1
66,130230,2
67,130240,2
68,130250,3
69,130260,89
70,130290,2
71,130310,2
72,130340,5
73,130353,1
74,130360,1
75,130370,6
76,130380,20
77,130390,1
78,130406,14
79,130410,2
80,130420,3
81,130430,1
82,140005,3
83,140002,5
84,140010,24
85,140015,4
86,140017,3
87,140030,4
88,140045,2
89,140047,1
90,140060,2
91,140070,2
92,150010,2
93,150020,1
94,150040,1
95,150050,3
96,150060,10
97,150080,14
98,150090,1
99,150095,1
100,150120,1
101,150130,4
102,150140,41
103,150145,1
104,150150,1
105,150157,1
106,150170,2
107,150172,4
108,150178,2
109,150180,6
110,150195,1
111,150210,6
112,150215,2
113,150220,2
114,150240,11
115,150270,3
116,150277,1
117,150280,1
118,150293,2
119,150295,4
120,150304,2
121,150309,1
122,150320,2
123,150345,1
124,150350,1
125,150360,13
126,150375,1
127,150380,4
128,150390,3
129,150405,1
130,150420,17
131,150440,2
132,150442,3
133,150445,1
134,150460,3
135,150470,1
136,150480,4
137,150495,4
138,150500,1
139,150503,3
140,150506,3
141,150510,1
142,150520,3
143,150530,1
144,150543,1
145,150548,1
146,150549,1
147,150550,2
148,150553,10
149,150560,1
150,150565,1
151,150580,1
152,150613,3
153,150616,2
154,150618,1
155,150650,5
156,150660,2
157,150670,1
158,150680,22
159,150710,2
160,150715,1
161,150720,1
162,150730,4
163,150740,3
164,150745,1
165,150747,1
166,150760,3
167,150775,1
168,150795,5
169,150797,1
170,150803,2
171,150805,1
172,150808,1
173,150810,3
174,150812,2
175,150815,5
176,150820,2
177,150830,1
178,150835,1
180,160027,2
181,160030,31
182,160040,2
183,160050,1
184,160015,3
185,160053,1
186,160060,6
187,170070,1
188,170100,3
189,170110,2
190,170130,2
191,170200,1
192,170210,14
193,170240,2
194,170290,1
195,171670,1
196,170610,3
197,170650,1
198,170700,3
199,170710,2
200,170730,1
201,170740,1
202,170820,2
203,170830,3
204,170900,1
205,170930,2
206,170950,7
207,171050,1
208,171070,1
209,171190,2
210,171195,1
211,171250,1
212,171320,1
213,171330,1
214,171360,1
215,171395,1
216,171420,2
217,171510,1
218,171515,1
219,172100,14
220,171575,2
221,171610,8
222,171620,1
223,171630,1
224,171650,2
225,171660,2
226,171700,1
227,171750,3
228,171820,1
229,171875,2
230,171884,1
231,171890,2
232,172000,1
233,172025,1
234,172030,1
235,172049,1
236,172120,2
237,172208,1
239,210005,3
240,210030,1
241,210043,1
242,210050,1
243,210070,2
244,210080,1
245,210095,2
246,210120,3
247,210125,1
248,210130,1
249,210140,3
250,210150,4
251,210160,6
252,210180,1
253,210200,2
254,210203,1
255,210207,1
256,210210,3
257,210215,1
258,210220,2
259,210230,4
260,210232,1
261,210240,1
262,210250,1
263,210255,1
264,210275,1
265,210280,2
266,210290,1
267,210300,11
268,210310,1
269,210312,2
270,210320,1
271,210330,6
272,210340,1
273,210350,1
274,210360,3
275,210370,1
276,210375,2
277,210380,2
278,210400,3
279,210405,1
280,210407,2
281,210409,2
282,210420,1
283,210440,1
284,210455,1
285,210465,1
286,210467,1
287,210480,6
288,210520,1
289,210530,20
290,210535,2
291,210540,3
292,210542,3
293,210545,1
294,210547,2
295,210560,3
296,210570,2
297,210580,1
298,210594,1
299,210590,1
300,210637,2
301,210650,1
302,210660,2
303,210670,1
304,210675,1
305,210700,3
306,210730,1
307,210735,2
308,210740,3
309,210745,1
310,210750,5
311,210760,2
312,210770,5
313,210780,1
314,210800,1
315,210820,6
316,210825,2
317,210850,2
318,210860,2
319,210870,1
320,210880,1
321,210923,2
322,210927,2
323,210930,1
324,210945,2
325,210950,4
326,210955,2
327,210960,2
328,210970,2
329,210980,4
330,210990,4
331,211000,2
332,211003,1
333,211020,1
334,211050,1
335,211060,2
336,211070,3
337,211080,1
338,211100,2
339,211105,1
340,211107,1
341,211110,4
342,211120,6
343,211130,38
344,211140,3
345,211150,2
346,211170,1
347,211176,1
348,211180,1
349,211210,1
350,211220,10
351,211223,2
352,211227,1
353,211230,1
354,211240,2
355,211260,2
356,211270,1
357,211280,1
358,211285,1
359,211290,3
360,211300,5
361,211400,5
362,220010,1
363,220020,1
364,220025,1
365,220030,2
366,220040,6
367,220045,1
368,220050,6
369,220090,1
370,220110,2
371,220115,1
372,220120,2
373,220130,1
374,220150,1
375,220155,2
376,220170,1
377,220177,1
378,220190,1
379,220198,1
380,220200,1
381,220202,1
382,220210,1
383,220211,1
384,220217,1
385,220220,14
386,220225,1
387,220230,4
388,220245,1
389,220253,1
390,220260,4
391,220273,1
392,220280,1
393,220285,1
394,220290,2
395,220300,1
396,220320,1
397,220327,1
398,220325,1
399,220340,1
400,220345,1
401,220350,1
402,220360,1
403,220370,8
404,220375,1
405,220390,6
406,220430,1
407,220455,1
408,220460,1
409,220465,1
410,220470,5
411,220480,1
412,220490,4
413,220520,1
414,220525,1
415,220527,1
416,220530,1
417,220540,1
418,220550,5
419,220556,2
420,220558,1
421,220580,2
422,220595,1
423,220600,1
424,220620,2
425,220630,1
426,220640,1
427,220650,2
428,220660,2
429,220672,2
430,220680,1
431,220795,2
432,220700,3
433,220720,1
434,220730,1
435,220750,1
436,220760,1
437,220770,7
438,220780,2
439,220785,1
440,220790,7
441,220793,1
442,220800,18
443,220810,1
444,220820,1
445,220830,3
446,220840,7
447,220865,3
448,220870,1
449,220900,1
450,220910,2
451,220920,3
452,220935,3
453,220940,1
454,220975,1
455,220980,2
456,220987,1
457,220990,2
458,220995,1
459,220997,1
460,221000,2
461,221005,1
462,221020,3
463,221030,1
464,221035,1
465,221040,3
466,221050,2
467,221060,6
468,221062,1
469,221070,1
470,221090,1
471,221093,1
472,221100,76
473,221110,1
474,221120,3
475,221130,2
476,221150,1
477,230020,9
478,230030,2
479,230040,2
480,230060,1
481,230075,2
482,230080,1
483,230090,3
484,230100,4
485,230110,4
486,230130,1
487,230160,3
488,230170,2
489,230185,1
490,230190,8
491,230195,2
492,230200,3
493,230205,4
494,230220,1
495,230230,1
496,230240,4
497,230250,2
498,230260,3
499,230280,13
500,230290,1
501,230300,1
502,230320,3
503,230330,1
504,230350,3
505,230365,2
506,230370,22
507,230380,1
508,230390,2
509,230393,1
510,230395,3
511,230400,1
512,230410,7
513,230420,5
514,230423,3
515,230425,2
516,230426,3
517,230427,1
518,230428,5
519,230430,1
520,230440,145
521,230445,3
522,230450,2
523,230470,9
524,230490,2
525,230495,1
526,230500,5
527,230520,3
528,230523,10
529,230526,1
530,230530,2
531,230533,3
532,230535,2
533,230540,6
534,230550,5
535,230560,3
536,230570,1
537,230580,6
538,230590,2
539,230600,1
540,230610,2
541,230620,2
542,230625,3
543,230630,6
544,230640,6
545,230655,3
546,230660,2
547,230670,1
548,230680,1
549,230690,3
550,230700,1
551,230710,1
552,230725,1
553,230730,20
554,230740,1
555,230750,1
556,230760,6
557,230763,3
558,230765,21
559,230770,7
560,230780,1
561,230790,1
562,230800,4
563,230810,6
564,230820,1
565,230830,1
566,230835,1
567,230837,1
568,230840,5
569,230850,2
570,230860,1
571,230870,4
572,230890,1
573,230900,1
574,230910,2
575,230930,1
576,230940,5
577,230945,1
578,230950,1
579,230960,3
580,230970,2
581,231000,4
582,231010,2
583,231020,4
584,231030,6
585,231040,1
586,231050,1
587,231060,1
588,231070,5
589,231080,7
590,231085,2
591,231095,1
592,231110,1
593,231123,1
594,231126,3
595,231130,6
596,231135,2
597,231140,8
598,231150,3
599,231160,2
600,231170,2
601,231180,3
602,231190,1
603,231195,3
604,231220,3
605,231200,2
606,231210,3
607,231230,4
608,231240,4
609,231250,1
610,231260,2
611,231270,7
612,231290,16
613,231300,1
614,231310,1
615,231320,4
616,231330,8
617,231340,4
618,231350,5
619,231355,1
620,231360,1
621,231375,1
622,231380,1
623,231390,3
624,231395,1
625,231400,1
626,231410,9
627,240020,2
628,240040,1
629,240060,1
630,240080,1
631,240100,6
632,240110,1
633,240120,1
634,240130,3
635,240145,1
636,240200,9
637,240230,7
638,240260,3
639,240280,1
640,240310,2
641,240350,1
642,240360,1
643,240380,3
644,240390,1
645,240410,1
646,240430,1
647,240440,1
648,240450,1
649,240470,1
650,240480,1
651,240500,1
652,240520,1
653,240570,1
654,240600,2
655,240610,2
656,240615,1
657,240620,1
658,240650,1
659,240670,1
660,240700,1
661,240710,3
662,240720,3
663,240725,3
664,240730,1
665,240760,1
666,240790,1
667,240800,18
668,240810,28
669,240820,1
670,240880,1
671,240890,3
672,240325,13
673,240910,1
674,240920,1
675,240930,4
676,240940,5
677,241020,1
678,241040,1
679,240895,1
680,241120,2
681,241190,1
682,241200,4
683,241210,1
684,241220,4
685,241250,3
686,241270,1
687,241330,1
688,241340,2
689,241355,2
690,241400,1
691,241410,1
692,241415,1
693,241105,1
694,241450,1
695,241490,1
696,250010,1
697,250030,2
698,250060,2
699,250073,1
700,250080,2
701,250100,3
702,250110,4
703,250130,2
704,250135,1
705,250140,1
706,250150,1
707,250157,1
708,250180,4
709,250190,1
710,250200,1
711,250205,1
712,250210,1
713,250220,1
714,250240,2
715,250320,4
716,250330,2
717,250355,1
718,250370,4
719,250375,1
720,250380,2
721,250390,2
722,250400,19
723,250430,3
724,250440,1
725,250450,2
726,250460,5
727,250500,2
728,250523,3
729,250527,1
730,250530,1
731,250540,2
732,250580,1
733,250590,1
734,250600,5
735,250620,1
736,250630,4
737,250640,1
738,250650,2
739,250660,1
740,250690,2
741,250700,2
742,250710,2
743,250740,1
744,250750,34
745,250760,2
746,250770,3
747,250810,1
748,250880,2
749,250890,2
750,250910,3
751,250940,1
752,250970,3
753,251010,1
754,251020,4
755,251080,16
756,251090,1
757,251100,2
758,251110,1
759,251120,1
760,251130,2
761,251150,1
762,251170,1
763,251210,3
764,251220,1
765,251250,3
766,251270,3
767,251275,1
768,251300,1
769,251330,1
770,251335,2
771,251390,3
772,251398,2
773,251400,2
774,251430,2
775,251440,1
776,251450,4
777,251510,1
778,251530,7
779,251550,1
780,251560,1
781,251590,1
782,251600,3
783,251610,1
784,251620,7
785,251640,2
786,251650,2
787,251660,3
788,251670,1
789,260005,4
790,260010,1
791,260020,2
792,260050,6
793,260060,1
794,260070,3
795,260090,2
796,260105,1
797,260110,5
798,260120,2
799,260160,4
800,260170,6
801,260180,1
802,260190,4
803,260200,4
804,260210,3
805,260220,1
806,260230,4
807,260260,1
808,260270,3
809,260280,4
810,260290,10
811,260300,3
812,260310,2
813,260340,1
814,260345,11
815,260360,1
816,260370,1
817,260390,1
818,260400,2
819,260410,12
820,260415,1
821,260420,1
822,260430,3
823,260450,1
824,260460,1
825,260480,1
826,260490,1
827,260510,1
828,260520,2
829,260530,1
830,260550,2
831,260560,4
832,260570,1
833,260600,8
834,260620,2
835,260640,6
836,260650,2
837,260660,1
838,260680,2
839,260720,5
840,260730,1
841,260750,2
842,260765,2
843,260770,3
844,260790,29
845,260795,2
846,260805,4
847,260810,3
848,260820,2
849,260830,2
850,260840,2
851,260860,2
852,260870,1
853,260875,2
854,260880,2
855,260890,3
856,260900,5
857,260920,1
858,261430,1
859,260940,3
860,260960,19
861,260990,6
862,261000,5
863,261030,1
864,261050,2
865,261060,1
866,261070,14
867,261090,3
868,261100,1
869,261110,16
870,261130,1
871,261160,70
872,261180,1
873,261210,1
874,261220,5
875,261240,2
876,261250,2
877,261255,1
878,261260,5
879,261290,1
880,261300,3
881,261310,1
882,261320,1
883,261350,5
884,261360,3
885,261370,4
886,261380,1
887,261390,5
888,261410,4
889,261420,2
890,261450,2
891,261460,2
892,261500,1
893,261510,2
894,261530,2
895,261540,1
896,261560,1
897,261580,1
898,261590,1
899,261610,2
900,261630,1
901,261640,7
903,270030,12
904,270060,1
905,270070,1
906,270080,1
907,270130,1
908,270140,2
909,270150,2
910,270230,2
911,270240,2
912,270250,1
913,270255,1
914,270260,1
915,270280,1
916,270290,5
917,270330,1
918,270400,3
919,270410,2
920,270430,23
921,270440,3
922,270460,1
923,270470,2
924,270510,1
925,270570,1
926,270580,1
927,270600,1
928,270630,4
929,270644,2
930,270670,2
931,270710,2
932,270750,1
933,270760,1
934,270770,3
935,270800,3
936,270840,1
937,270850,1
938,270860,3
939,270880,2
940,270890,1
941,270915,1
942,270930,4
943,270940,1
944,280020,4
945,280030,32
946,280050,1
947,280060,1
948,280067,2
949,280100,2
950,280120,2
951,280130,3
952,280140,2
953,280210,3
954,280260,1
955,280270,1
956,280290,10
957,280300,1
958,280320,1
959,280330,1
960,280340,2
961,280350,10
962,280360,2
963,280370,2
964,280380,1
965,280390,1
966,280430,1
967,280445,1
968,280450,3
969,280460,2
970,280470,1
971,280480,4
972,280490,3
973,280530,1
974,280540,4
975,280550,2
976,280560,2
977,280570,1
978,280620,1
979,280670,4
980,280680,2
981,280710,6
982,280740,3
983,280760,1
984,290010,2
985,290020,1
986,290030,1
987,290035,1
988,290070,13
989,290100,4
990,290110,1
991,290120,1
992,290130,2
993,290140,1
994,290190,1
995,290200,4
996,290210,1
997,290260,1
998,290270,1
999,290280,2
1000,290290,1
1001,290320,6
1002,290323,3
1003,290330,1
1004,290327,2
1005,290360,2
1006,290370,1
1007,290380,2
1008,290390,5
1009,290410,1
1010,290420,1
1011,290430,1
1012,290440,1
1013,290450,2
1014,290460,1
1015,290475,3
1016,290490,2
1017,290510,1
1018,290520,3
1019,290530,1
1020,290540,1
1021,290560,1
1022,290570,7
1023,290580,1
1024,290590,4
1025,290600,2
1026,290610,2
1027,290620,1
1028,290630,1
1029,290640,1
1030,290650,3
1031,290660,1
1032,290670,2
1033,290682,1
1034,290687,3
1035,290690,1
1036,290710,4
1037,290720,3
1038,290730,2
1039,290750,3
1040,290755,1
1041,290760,2
1042,290790,1
1043,290800,2
1044,290830,1
1045,290840,2
1046,290850,1
1047,290860,1
1048,290910,4
1049,290930,2
1050,290940,2
1051,290950,1
1052,290960,1
1053,290980,5
1054,290990,3
1055,291005,5
1056,291010,1
1057,291040,1
1058,291050,1
1059,290050,1
1060,291060,1
1061,291070,5
1062,291072,6
1063,291075,1
1064,291080,10
1065,291085,2
1066,291100,1
1067,291110,2
1068,291160,2
1069,291170,8
1070,291180,1
1071,291190,2
1072,291220,2
1073,291250,2
1074,291270,1
1075,291290,1
1076,291300,2
1077,291310,3
1078,291350,2
1079,291360,5
1080,291400,4
1081,291410,1
1082,291440,1
1083,291460,4
1084,291470,4
1085,291480,14
1086,291500,2
1087,291510,1
1088,291520,1
1089,291530,1
1090,291535,2
1091,291550,1
1092,291560,2
1093,291580,2
1094,291600,1
1095,291610,1
1096,291620,1
1097,291630,1
1098,291640,2
1099,291650,1
1100,291670,1
1101,291680,1
1102,291685,1
1103,291690,1
1104,291700,1
1105,291750,6
1106,291760,3
1107,291770,2
1108,291780,1
1109,291800,8
1110,291810,3
1111,291820,1
1112,291830,1
1113,291840,13
1114,291870,1
1115,291880,1
1116,291900,1
1117,291905,1
1118,291915,2
1119,291920,5
1120,291930,2
1121,291950,2
1122,291980,3
1123,292010,2
1124,292040,1
1125,292050,1
1126,292060,4
1127,292100,1
1128,292110,1
1129,292120,3
1130,292130,2
1131,292140,1
1132,292150,1
1133,292200,2
1134,292225,1
1135,292230,2
1136,292240,4
1137,292260,1
1138,292280,1
1139,292303,2
1140,292305,1
1141,292320,2
1142,292330,1
1143,292340,5
1144,292360,1
1145,292370,1
1146,292390,1
1147,292400,4
1148,292405,1
1149,292420,1
1150,292430,2
1151,292440,1
1152,292450,1
1153,292460,1
1154,292490,1
1155,292500,1
1156,292510,2
1157,292520,1
1158,292525,1
1159,292530,4
1160,292550,1
1161,292560,1
1162,292570,1
1163,292575,1
1164,292590,1
1165,292593,2
1166,292600,7
1167,292620,2
1168,292630,1
1169,292640,2
1170,292650,1
1171,292660,1
1172,292670,1
1173,292700,2
1174,292720,1
1175,292730,1
1176,292740,74
1177,292750,1
1178,292760,2
1179,292770,2
1180,292805,2
1181,292810,1
1182,292840,1
1183,292800,2
1184,292820,3
1185,292870,6
1186,292880,1
1187,292890,1
1188,292910,2
1189,292900,2
1190,292905,1
1191,292925,1
1192,292930,1
1193,292937,1
1194,292940,1
1195,292950,4
1196,292960,1
1197,292970,2
1198,292975,1
1199,292990,3
1200,293010,7
1201,293020,2
1202,293015,2
1203,293050,2
1204,293060,1
1205,293070,5
1206,293076,2
1207,293080,1
1208,293105,1
1209,293135,2
1210,293170,1
1211,293180,1
1212,293200,1
1213,293220,1
1214,293230,1
1215,293240,1
1216,293245,1
1217,293250,1
1218,293280,1
1219,293290,2
1220,293300,2
1221,293305,1
1222,293315,1
1223,293320,3
1224,293325,1
1225,293330,21
1226,293360,6
1228,310010,3
1229,310020,3
1230,310040,1
1231,310050,1
1232,310060,3
1233,310090,1
1234,310130,1
1235,310150,1
1236,310160,14
1237,310163,1
1238,310200,3
1239,310210,2
1240,310260,7
1241,310290,1
1242,310340,1
1243,310350,2
1244,310360,1
1245,310370,2
1246,310400,7
1247,310420,6
1248,310430,2
1249,310440,1
1250,310450,1
1251,310480,1
1252,310490,1
1253,310500,2
1254,310510,6
1255,310520,1
1256,310530,2
1257,310540,1
1258,310560,11
1259,310570,1
1260,310600,1
1261,310620,166
1262,310630,1
1263,310650,2
1264,310670,12
1265,310710,1
1266,310740,4
1267,310750,4
1268,310780,1
1269,310800,1
1270,310825,1
1271,310840,1
1272,310860,3
1273,310880,1
1274,310890,1
1275,310910,1
1276,310920,1
1277,310925,1
1278,310930,3
1279,310950,3
1280,310960,1
1281,310970,2
1282,310270,1
1283,310990,1
1284,311000,1
1285,311030,3
1286,311040,1
1287,311050,1
1288,311060,5
1289,311070,1
1290,311100,3
1291,311110,1
1292,311120,4
1293,311130,2
1294,311150,2
1295,311160,1
1296,311200,1
1297,311210,1
1298,311250,1
1299,311260,1
1300,311280,2
1301,311290,1
1302,311320,1
1303,311330,1
1304,311340,8
1305,311350,1
1306,311360,1
1307,311380,1
1308,311410,3
1309,311420,6
1310,311430,8
1311,311450,2
1312,311455,1
1313,311460,3
1314,311480,1
1315,311530,7
1316,311545,1
1317,311547,1
1318,311550,1
1319,311570,1
1320,311580,3
1321,311615,1
1322,311630,2
1323,311660,4
1324,311670,1
1325,311730,2
1326,311760,1
1327,311770,2
1328,311790,2
1329,311800,3
1330,311810,2
1331,311820,2
1332,311830,8
1333,311860,31
1334,311880,2
1335,311910,2
1336,311920,1
1337,311930,4
1338,311940,7
1339,311960,2
1340,312020,2
1341,312030,1
1342,312040,1
1343,312050,1
1344,312070,1
1345,312080,4
1346,312090,8
1347,312110,2
1348,312140,4
1349,312160,1
1350,312190,1
1351,312200,2
1352,312210,2
1353,312220,1
1354,312230,20
1355,312235,1
1356,312247,1
1357,312260,1
1358,312290,1
1359,312320,4
1360,312330,2
1361,312340,1
1362,312352,2
1363,312360,7
1364,312390,1
1365,312400,3
1366,312410,3
1367,312430,1
1368,312450,2
1369,312470,1
1370,312490,2
1371,312510,1
1372,312540,1
1373,312570,1
1374,312595,1
1375,312610,12
1376,312650,1
1377,312670,3
1378,312710,3
1379,312733,4
1380,312738,3
1381,312740,1
1382,312760,2
1383,312770,17
1384,312790,1
1385,312800,6
1386,312810,1
1387,312830,2
1388,312840,1
1389,312850,1
1390,312860,1
1391,312870,4
1392,312950,3
1393,312980,9
1394,313020,3
1395,313030,1
1396,313050,3
1397,313090,1
1398,313100,1
1399,313110,1
1400,313115,1
1401,313120,3
1402,313130,16
1403,313160,1
1404,313170,10
1405,313190,5
1406,313200,1
1407,313210,1
1408,313220,1
1409,313230,1
1410,313240,11
1411,313290,1
1412,313300,2
1413,313310,1
1414,313350,8
1415,313360,2
1416,313370,1
1417,313380,18
1418,313410,1
1419,313420,5
1420,313440,2
1421,313450,1
1422,313460,3
1423,313470,1
1424,313480,1
1425,313490,2
1426,313505,1
1427,313510,5
1428,313520,7
1429,313530,2
1430,313540,1
1431,313545,1
1432,313550,2
1433,313570,2
1434,313590,1
1435,313600,1
1436,313610,2
1437,313620,1
1438,313630,6
1439,313655,1
1440,313670,27
1441,313695,1
1442,313700,1
1443,313720,1
1444,313730,1
1445,313740,3
1446,313750,4
1447,313753,1
1448,313760,1
1449,313770,1
1450,313780,3
1451,313820,8
1452,313830,1
1453,313840,3
1454,313850,1
1455,313860,2
1456,313862,2
1457,313867,1
1458,313870,3
1459,313880,1
1460,313890,1
1461,313900,2
1462,313910,2
1463,313920,1
1464,313925,1
1465,313940,5
1466,313950,1
1467,313960,1
1468,313990,1
1469,314000,5
1470,314050,3
1471,314053,2
1472,314070,1
1473,314100,1
1474,314110,1
1475,314140,1
1476,314150,1
1477,314160,1
1478,314170,2
1479,314180,5
1480,314200,2
1481,314220,1
1482,314230,1
1483,314260,1
1484,314270,2
1485,314290,1
1486,314300,4
1487,314310,2
1488,314320,1
1489,314340,1
1490,314330,14
1491,314345,2
1492,314350,1
1493,314380,1
1494,314390,5
1495,314400,1
1496,314410,3
1497,314450,1
1498,314460,3
1499,314480,9
1500,314510,5
1501,314520,10
1502,313660,1
1503,314530,3
1504,314537,1
1505,314550,1
1506,314560,10
1507,314590,4
1508,314600,1
1509,314610,2
1510,314655,1
1511,314640,2
1512,314650,1
1513,314690,3
1514,314710,15
1515,314700,8
1516,314720,5
1517,314730,5
1518,314740,2
1519,314760,1
1520,314770,1
1521,314750,1
1522,314790,11
1523,314800,22
1524,314810,12
1525,314860,3
1526,314870,1
1527,314875,1
1528,314880,1
1529,314910,2
1530,314930,2
1531,314970,1
1532,314980,3
1533,314990,3
1534,315030,1
1535,315050,3
1536,315060,3
1537,315070,1
1538,315080,2
1539,315100,3
1540,315120,2
1541,315130,1
1542,315140,3
1543,315150,1
1544,315170,3
1545,315180,11
1546,315200,4
1547,315210,3
1548,315217,1
1549,315220,2
1550,315230,1
1551,315240,1
1552,315250,8
1553,315260,1
1554,315270,1
1555,315280,3
1556,315300,1
1557,315310,1
1558,315330,1
1559,315340,8
1560,315360,4
1561,315380,1
1562,315400,3
1563,315440,1
1564,315445,2
1565,315460,16
1566,315470,2
1567,315490,2
1568,315520,1
1569,315530,1
1570,315540,3
1571,315560,2
1572,315570,1
1573,315580,4
1574,315610,2
1575,315640,1
1576,315645,1
1577,315670,5
1578,315680,1
1579,315700,4
1580,315710,1
1581,315720,3
1582,315725,1
1583,315730,1
1584,315770,1
1585,315780,20
1586,315800,2
1587,315820,1
1588,315920,3
1589,315930,1
1590,315960,2
1591,315830,1
1592,315850,2
1593,315900,1
1594,315990,1
1595,316040,4
1596,316060,1
1597,316070,2
1598,316080,1
1599,316105,2
1600,316110,3
1601,316130,1
1602,316140,1
1603,316150,1
1604,316180,1
1605,316190,2
1606,316210,1
1607,316240,2
1608,316245,5
1609,316250,9
1610,316260,2
1611,316270,1
1612,316290,2
1613,316292,2
1614,316294,1
1615,316295,1
1616,316320,1
1617,316350,1
1618,316370,6
1619,316380,1
1620,316400,1
1621,316430,2
1622,316443,1
1623,316450,1
1624,316460,1
1625,316470,12
1626,316480,2
1627,316490,1
1628,316520,1
1629,316500,2
1630,316510,1
1631,316530,1
1632,316540,1
1633,316553,1
1634,316557,2
1635,316580,1
1636,316620,2
1637,316660,1
1638,316680,1
1639,316670,2
1640,316690,3
1641,316695,1
1642,316710,1
1643,316720,18
1644,316750,1
1645,316760,2
1646,316790,2
1647,316800,1
1648,316810,1
1649,316840,3
1650,316860,10
1651,316870,4
1652,316890,2
1653,316900,2
1654,316905,1
1655,316910,2
1656,316930,7
1657,316935,4
1658,316940,2
1659,316980,1
1660,316990,5
1661,317000,1
1662,317010,8
1663,317020,49
1664,317040,4
1665,317050,1
1666,317052,1
1667,317070,10
1668,317080,4
1669,317090,1
1670,317100,1
1671,317103,1
1672,317115,1
1673,317120,3
1674,317130,8
1675,317170,3
1676,317180,2
1677,317190,1
1678,317200,4
1679,317220,1
1681,320010,5
1682,320020,1
1683,320030,1
1684,320060,3
1685,320080,4
1686,320090,4
1687,320100,1
1688,320115,2
1689,320120,10
1690,320130,21
1691,320140,1
1692,320150,6
1693,320170,1
1694,320180,1
1695,320190,1
1696,320210,2
1697,320230,2
1698,320240,4
1699,320245,3
1700,320250,1
1701,320260,1
1702,320265,1
1703,320270,1
1704,320280,1
1705,320290,3
1706,320300,3
1707,320305,3
1708,320316,1
1709,320320,13
1710,320335,1
1711,320370,2
1712,320380,2
1713,320390,4
1714,320400,1
1715,320405,2
1716,320425,2
1717,320435,1
1718,320440,1
1719,320450,2
1720,320455,9
1721,320460,2
1722,320470,1
1723,320490,3
1724,320495,1
1725,320500,20
1726,320501,3
1727,320503,1
1728,320506,5
1729,320510,2
1730,320515,1
1731,320517,2
1732,320520,15
1733,320530,23
1734,330010,8
1735,330015,2
1736,330020,6
1737,330023,3
1738,330040,10
1739,330045,11
1740,330050,1
1741,330060,1
1742,330070,10
1743,330080,6
1744,330090,2
1745,330100,23
1746,330110,2
1747,330115,1
1748,330130,1
1749,330095,1
1750,330150,1
1751,330160,1
1752,330170,25
1753,330185,1
1754,330187,4
1755,330190,11
1756,330200,4
1757,330220,3
1758,330225,4
1759,330227,3
1760,330230,2
1761,330240,11
1762,330250,9
1763,330260,2
1764,330270,4
1765,330285,3
1766,330290,1
1767,330300,2
1768,330320,4
1769,330330,24
1770,330340,11
1771,330350,14
1772,330390,11
1773,330395,1
1774,330414,3
1775,330415,1
1776,330420,4
1777,330430,1
1778,330440,2
1779,330452,6
1780,330455,250
1781,330460,1
1782,330480,1
1783,330475,7
1784,330490,27
1785,330500,4
1786,330510,11
1787,330515,2
1788,330520,5
1789,330530,1
1790,330540,2
1791,330550,1
1792,330555,1
1793,330560,1
1794,330575,1
1795,330580,11
1796,330600,2
1797,330610,2
1798,330620,1
1799,330630,11
1801,350010,2
1802,350030,3
1803,350050,1
1804,350055,1
1805,350070,7
1806,350075,1
1807,350080,2
1808,350090,1
1809,350100,3
1810,350120,2
1811,350160,9
1812,350170,3
1813,350190,8
1814,350210,3
1815,350230,1
1816,350250,1
1817,350270,6
1818,350280,18
1819,350290,1
1820,350320,13
1821,350330,14
1822,350340,1
1823,350380,4
1824,350390,12
1825,350400,7
1826,350410,11
1827,350420,2
1828,350440,1
1829,350450,8
1830,350460,2
1831,350470,1
1832,350490,1
1833,350520,2
1834,350530,2
1835,350550,11
1836,350560,3
1837,350570,18
1838,350590,3
1839,350600,25
1840,350610,2
1841,350630,4
1842,350635,2
1843,350650,5
1844,350660,1
1845,350670,1
1846,350680,1
1847,350690,2
1848,350700,2
1849,350710,1
1850,350750,10
1851,350760,16
1852,350790,2
1853,350800,2
1854,350840,2
1855,350850,2
1856,350860,2
1857,350870,1
1858,350880,1
1859,350890,1
1860,350900,6
1861,350910,1
1862,350920,4
1863,350925,5
1864,350940,3
1865,350950,65
1866,350960,7
1867,350970,1
1868,350980,1
1869,351020,2
1870,351040,4
1871,351050,9
1872,351060,19
1873,351070,5
1874,351080,1
1875,351110,8
1876,351140,3
1877,351150,1
1878,351160,1
1879,355720,3
1880,351200,2
1881,351220,3
1882,351240,2
1883,351270,1
1884,351280,3
1885,351300,9
1886,351310,1
1887,351320,1
1888,351330,1
1889,351340,6
1890,351350,3
1891,351360,2
1892,351380,21
1893,351390,1
1894,351410,6
1895,351430,1
1896,351440,1
1897,351450,1
1898,351460,1
1899,351480,1
1900,351490,1
1901,351500,5
1902,351510,2
1903,351515,4
1904,351518,6
1905,351520,2
1906,351550,4
1907,351570,10
1908,351600,1
1909,351620,26
1910,351630,5
1911,351640,2
1912,351660,1
1913,351670,6
1914,351690,1
1915,351700,1
1916,351710,1
1917,351740,2
1918,351770,1
1919,351790,1
1920,351800,1
1921,351810,1
1922,351830,1
1923,351840,6
1924,351850,1
1925,351860,2
1926,351870,9
1927,351880,43
1928,351885,1
1929,351890,1
1930,351907,7
1931,351910,1
1932,351920,1
1933,351925,2
1934,351930,4
1935,351960,5
1936,351970,8
1937,351980,1
1938,352010,4
1939,352020,3
1940,352030,1
1941,352042,1
1942,352044,1
1943,352050,9
1944,352080,1
1945,352100,3
1946,352140,3
1947,352160,1
1948,352170,2
1949,352180,4
1950,352190,2
1951,352200,1
1952,352210,11
1953,352220,3
1954,352230,19
1955,352240,5
1956,352250,6
1957,352260,16
1958,352270,4
1959,352280,1
1960,352300,1
1961,352310,15
1962,352320,8
1963,352330,1
1964,352340,5
1965,352350,4
1966,352360,3
1967,352390,7
1968,352400,2
1969,352410,2
1970,352430,5
1971,352440,14
1972,352460,1
1973,352470,3
1974,352480,3
1975,352500,6
1976,352510,3
1977,352520,2
1978,352530,8
1979,352550,1
1980,352570,2
1981,352580,1
1982,352590,25
1983,352600,1
1984,352620,1
1985,352640,1
1986,352670,6
1987,352680,3
1988,352690,20
1989,352710,5
1990,352720,8
1991,352730,3
1992,352740,3
1993,352760,1
1994,352800,1
1995,352830,1
1996,352840,4
1997,352850,5
1998,352880,1
1999,352900,17
2000,352920,2
2001,352930,2
2002,352940,12
2003,352980,1
2004,352990,1
2005,353030,2
2006,353050,2
2007,353060,33
2008,353070,11
2009,353080,8
2010,353090,1
2011,353110,3
2012,353130,3
2013,353140,1
2014,353150,4
2015,353160,1
2016,353180,3
2017,353190,1
2018,353200,1
2019,353205,1
2020,353240,1
2021,353300,1
2022,353340,2
2023,353350,3
2024,353390,2
2025,353430,1
2026,353440,35
2027,353460,1
2028,353470,8
2029,353480,1
2030,353490,3
2031,353510,2
2032,353520,1
2033,353530,1
2034,353540,1
2035,353550,1
2036,353580,1
2037,353600,2
2038,353620,1
2039,353640,3
2040,353650,6
2041,353660,1
2042,353670,6
2043,353680,1
2044,353700,1
2045,353710,3
2046,353730,8
2047,353760,5
2048,353780,7
2049,353800,8
2050,353810,3
2051,353820,4
2052,353830,1
2053,353850,2
2054,353860,2
2055,353870,23
2056,353880,5
2057,353890,3
2058,353910,1
2059,353920,1
2060,353930,4
2061,353950,4
2062,353980,3
2063,354000,2
2064,354010,1
2065,354020,6
2066,354040,1
2067,354060,6
2068,354070,6
2069,354075,1
2070,354080,3
2071,354085,1
2072,354100,24
2073,354105,1
2074,354120,2
2075,354130,3
2076,354140,11
2077,354150,4
2078,354160,4
2079,354165,1
2080,354190,1
2081,354220,1
2082,354240,1
2083,354250,2
2084,354260,1
2085,354290,3
2086,354300,2
2087,354310,1
2088,354325,1
2089,354330,3
2090,354340,46
2091,354390,12
2092,354400,2
2093,354410,2
2094,354420,2
2095,354350,1
2096,354425,3
2097,354460,1
2098,354490,2
2099,354515,1
2100,354520,5
2101,354530,4
2102,354540,1
2103,354560,3
2104,354580,7
2105,354600,2
2106,354610,1
2107,354630,1
2108,354640,5
2109,354660,1
2110,354670,2
2111,354680,3
2112,354690,1
2113,354750,3
2114,354730,7
2115,354770,2
2116,354780,38
2117,354790,2
2118,354800,2
2119,354840,1
2120,354850,23
2121,354860,4
2122,354870,39
2123,354880,6
2124,354890,13
2125,354910,5
2126,354920,1
2127,354930,1
2128,354950,3
2129,354960,3
2130,354970,8
2131,354980,24
2132,354990,18
2133,354995,1
2134,355000,3
2135,355010,4
2136,355030,431
2137,355040,2
2138,355060,7
2139,355070,7
2140,355080,1
2141,355090,3
2142,355100,11
2143,355110,3
2144,355120,1
2145,355130,2
2146,355140,1
2147,355160,1
2148,355150,4
2149,355170,8
2150,355180,2
2151,355210,1
2152,355220,37
2153,355240,10
2154,355250,17
2155,355270,3
2156,355280,8
2157,355300,1
2158,355330,2
2159,355340,1
2160,355365,1
2161,355370,6
2162,355380,6
2163,355385,1
2164,355400,10
2165,355410,11
2166,355430,1
2167,355480,2
2168,355490,1
2169,355495,1
2170,355500,3
2171,355510,2
2172,355520,1
2173,355540,6
2174,355580,2
2175,355610,1
2176,355620,2
2177,355630,1
2178,355635,1
2179,355645,7
2180,355650,4
2181,355660,1
2182,355670,4
2183,355680,1
2184,355700,6
2185,355710,7
2187,410010,2
2188,410040,4
2189,410050,1
2190,410090,2
2191,410100,3
2192,410110,1
2193,410130,1
2194,410140,9
2195,410150,10
2196,410160,1
2197,410180,15
2198,410190,2
2199,410200,2
2200,410210,2
2201,410230,2
2202,410240,1
2203,410250,3
2204,410275,1
2205,410280,1
2206,410290,2
2207,410304,2
2208,410305,3
2209,410322,1
2210,410335,1
2211,410337,1
2212,410340,1
2213,410345,2
2214,410350,3
2215,410360,2
2216,410370,5
2217,410400,1
2218,410410,1
2219,410420,7
2220,410425,2
2221,410430,8
2222,410440,2
2223,410445,6
2224,410450,3
2225,410460,2
2226,410465,1
2227,410480,17
2228,410490,4
2229,410510,1
2230,410530,2
2231,410540,2
2232,410550,7
2233,410560,2
2234,410570,1
2235,410580,9
2236,410590,1
2237,410610,1
2238,410620,3
2239,410630,2
2240,410640,3
2241,410680,2
2242,410670,1
2243,410690,94
2244,410720,4
2245,410725,2
2246,410730,1
2247,410754,2
2248,410755,1
2249,410760,3
2250,410765,8
2251,410770,1
2252,410773,1
2253,410800,1
2254,410820,1
2255,410830,18
2256,410840,15
2257,410860,2
2258,410870,2
2259,410880,3
2260,410890,1
2261,410895,2
2262,410900,2
2263,410920,1
2264,410930,3
2265,410940,18
2266,410960,5
2267,410970,2
2268,410980,2
2269,411005,1
2270,411007,1
2271,411010,3
2272,411020,3
2273,411050,1
2274,411060,1
2275,411070,6
2276,411080,2
2277,411095,1
2278,411110,2
2279,411120,1
2280,411125,3
2281,411140,1
2282,411150,3
2283,411180,3
2284,411200,3
2285,411210,4
2286,411220,1
2287,411250,2
2288,411270,1
2289,411275,1
2290,411280,2
2291,411295,2
2292,411320,3
2293,411330,7
2294,411342,1
2295,411370,47
2296,411390,3
2297,411410,2
2298,411420,1
2299,411430,1
2300,411435,1
2301,411440,1
2302,411450,2
2303,411460,9
2304,411470,1
2305,411480,1
2306,411520,27
2307,411530,1
2308,411540,1
2309,411560,1
2310,411570,4
2311,411575,3
2312,411580,8
2313,411620,2
2314,411640,1
2315,411680,1
2316,411690,1
2317,411720,1
2318,411725,2
2319,411722,1
2320,411750,3
2321,411760,4
2322,411770,2
2323,411790,1
2324,411800,2
2325,411820,2
2326,411840,1
2327,411850,12
2328,411860,1
2329,411880,1
2330,411890,1
2331,411900,1
2332,411915,4
2333,411930,4
2334,411940,1
2335,411950,6
2336,411960,2
2337,411980,3
2338,411990,19
2339,411995,1
2340,412015,1
2341,412035,1
2342,412040,1
2343,412060,7
2344,412070,1
2345,412080,1
2346,412090,3
2347,412100,1
2348,412120,1
2349,412130,1
2350,412135,1
2351,412140,2
2352,412160,2
2353,412170,4
2354,412190,1
2355,412200,2
2356,412210,1
2357,412220,1
2358,412230,1
2359,412240,6
2360,412250,1
2361,412260,1
2362,412280,1
2363,412340,1
2364,412380,2
2365,412385,2
2366,412402,1
2367,412405,1
2368,412400,1
2369,412410,1
2370,412440,4
2371,412470,1
2372,412520,1
2373,412535,1
2374,412540,1
2375,412545,1
2376,412550,13
2377,412560,7
2378,412570,1
2379,412620,1
2380,412625,10
2381,412630,1
2382,412660,2
2383,412680,1
2384,412690,2
2385,412710,1
2386,412720,1
2387,412740,2
2388,412750,2
2389,412770,15
2390,412785,4
2391,412788,1
2392,412796,1
2393,412810,6
2394,412820,7
2395,412840,2
2396,412860,2
2397,412865,1
2398,412850,4
2400,420010,4
2401,420020,2
2402,420030,2
2403,420050,2
2404,420055,1
2405,420060,2
2406,420090,1
2407,420100,3
2408,420125,2
2409,420127,2
2410,420130,2
2411,420140,13
2412,420150,1
2413,420160,2
2414,420180,1
2415,420190,1
2416,420195,2
2417,420205,1
2418,420200,8
2419,420207,2
2420,421280,2
2421,420208,1
2422,420210,2
2423,420213,3
2424,420230,7
2425,420240,39
2426,420243,1
2427,420253,1
2428,420260,2
2429,420280,12
2430,420285,1
2431,420287,1
2432,420290,7
2433,420300,9
2434,420315,1
2435,420320,4
2436,420330,1
2437,420360,9
2438,420370,1
2439,420380,3
2440,420390,2
2441,420395,4
2442,420400,1
2443,420420,16
2444,420425,1
2445,420430,10
2446,420435,1
2447,420440,2
2448,420455,1
2449,420460,27
2450,420470,2
2451,420480,6
2452,420515,1
2453,420520,1
2454,420530,2
2455,420540,45
2456,420545,2
2457,420550,4
2458,420570,4
2459,420590,7
2460,420600,1
2461,420610,1
2462,420620,3
2463,420630,3
2464,420650,3
2465,420660,1
2466,420665,1
2467,420670,3
2468,420680,2
2469,420690,6
2470,420700,6
2471,420710,2
2472,420720,1
2473,420730,4
2474,420750,9
2475,420760,1
2476,420768,1
2477,420770,3
2478,420780,2
2479,420790,1
2480,420800,2
2481,420810,5
2482,420820,20
2483,420830,2
2484,420840,1
2485,420845,1
2486,420850,6
2487,420870,2
2488,420880,1
2489,420890,15
2490,420900,2
2491,420910,51
2492,420915,1
2493,420930,10
2494,420940,3
2495,420960,2
2496,420970,2
2497,420990,4
2498,421003,1
2499,421010,6
2500,421020,1
2501,421030,5
2502,421040,1
2503,421050,2
2504,421060,7
2505,421080,2
2506,421090,1
2507,421100,5
2508,421120,1
2509,421125,1
2510,421130,6
2511,421160,2
2512,421165,1
2513,421170,3
2514,421175,2
2515,421185,2
2516,421190,13
2517,421200,4
2518,421210,8
2519,421220,2
2520,421225,2
2521,421240,2
2522,421250,4
2523,421270,2
2524,421290,1
2525,421310,1
2526,421315,1
2527,421320,6
2528,421350,1
2529,421360,4
2530,421370,2
2531,421380,2
2532,421390,1
2533,421400,5
2534,421420,1
2535,421460,1
2536,421480,6
2537,421470,3
2538,421500,7
2539,421507,2
2540,421510,1
2541,421530,1
2542,421535,1
2543,421545,1
2544,421550,1
2545,421567,1
2546,421569,1
2547,421570,2
2548,421580,8
2549,421590,1
2550,421605,1
2551,421610,1
2552,421620,1
2553,421630,1
2554,421625,1
2555,421650,5
2556,421660,16
2557,421670,4
2558,421680,4
2559,421690,4
2560,421700,1
2561,421710,2
2562,421720,3
2563,421725,2
2564,421730,1
2565,421740,1
2566,421750,6
2567,421755,1
2568,421770,9
2569,421780,1
2570,421790,1
2571,421800,4
2572,421810,1
2573,421820,1
2574,421825,1
2575,421850,1
2576,421860,2
2577,421870,4
2578,421875,1
2579,421880,1
2580,421890,1
2581,421900,1
2582,421920,1
2583,421930,5
2584,421940,1
2585,421950,7
2586,421960,2
2587,421970,5
2588,421985,1
2590,430005,3
2591,430010,5
2592,430020,3
2593,430030,1
2594,430040,11
2595,430045,4
2596,430047,2
2597,430050,1
2598,430055,1
2599,430060,18
2600,430063,1
2601,430066,2
2602,430070,1
2603,430085,1
2604,430100,6
2605,430105,2
2606,430120,1
2607,430130,3
2608,430160,10
2609,430163,2
2610,430165,1
2611,430170,1
2612,430185,1
2613,430190,1
2614,430180,1
2615,430200,2
2616,430210,16
2617,430215,1
2618,430220,1
2619,430225,1
2620,430230,1
2621,430235,2
2622,430240,2
2623,430245,2
2624,430260,1
2625,430270,4
2626,430280,2
2627,430290,1
2628,430300,8
2629,430310,11
2630,430320,1
2631,430330,2
2632,430340,1
2633,430350,8
2634,430355,1
2635,430390,5
2636,430400,1
2637,430420,10
2638,430430,1
2639,430440,5
2640,430450,7
2641,430460,24
2642,430463,4
2643,430466,3
2644,430468,2
2645,430469,1
2646,430467,1
2647,430470,6
2648,430480,2
2649,430485,2
2650,430495,1
2651,430510,48
2652,430517,2
2653,430520,3
2654,430530,2
2655,430535,2
2656,430543,2
2657,430545,4
2658,430590,1
2659,430595,3
2660,430600,2
2661,430607,1
2662,430610,10
2663,430620,1
2664,430630,1
2665,430632,1
2666,430640,4
2667,430650,2
2668,430660,9
2669,430670,1
2670,430673,3
2671,430675,1
2672,430676,7
2673,430680,2
2674,430690,12
2675,430697,1
2676,430700,15
2677,430705,1
2678,430720,2
2679,430740,3
2680,430745,2
2681,430750,2
2682,430760,2
2683,430770,11
2684,430780,5
2685,430781,1
2686,430783,1
2687,430786,1
2688,430790,4
2689,430805,1
2690,430810,3
2691,430820,5
2692,430830,1
2693,430840,2
2694,430843,1
2695,430845,3
2696,430850,7
2697,430860,1
2698,430865,1
2699,430870,2
2700,430880,3
2701,430885,1
2702,430890,4
2703,430900,2
2704,430905,1
2705,430910,7
2706,430912,2
2707,430915,1
2708,430920,18
2709,430925,1
2710,430930,17
2711,430940,2
2712,430950,3
2713,430955,1
2714,430960,2
2715,430975,1
2716,430990,1
2717,431000,5
2718,431010,2
2719,431020,14
2720,431033,2
2721,431040,2
2722,431043,2
2723,431046,1
2724,431050,3
2725,431053,2
2726,431057,2
2727,431060,5
2728,431080,4
2729,431085,2
2730,431090,1
2731,431100,4
2732,431110,1
2733,431112,1
2734,431113,2
2735,431115,1
2736,431120,4
2737,431130,3
2738,431125,1
2739,431140,13
2740,431160,1
2741,431170,1
2742,431175,3
2743,431180,11
2744,431190,2
2745,431200,1
2746,431215,2
2747,431220,1
2748,431237,1
2749,431240,5
2750,431245,2
2751,431247,1
2752,431250,1
2753,431261,1
2754,431265,3
2755,431270,2
2756,431275,4
2757,431290,2
2758,431300,1
2759,431303,1
2760,431306,4
2761,431320,4
2762,431330,6
2763,431335,1
2764,431337,1
2765,431349,1
2766,431340,20
2767,431342,1
2768,431350,1
2769,431360,2
2770,431365,4
2771,431370,6
2772,431380,2
2773,431390,6
2774,431395,2
2775,431405,3
2776,431406,1
2777,431410,25
2778,431430,1
2779,431440,44
2780,431445,2
2781,431447,2
2782,431450,3
2783,431454,0
2784,431460,5
2785,431470,3
2786,431475,2
2787,431477,1
2788,431480,5
2789,431490,109
2790,431500,4
2791,431510,2
2792,431513,1
2793,431514,1
2794,431520,1
2795,431530,2
2796,431540,2
2797,431560,29
2798,431570,3
2799,431580,5
2800,431600,2
2801,431610,1
2802,431620,1
2803,431630,5
2804,431640,10
2805,431643,1
2806,431645,2
2807,431647,1
2808,431660,3
2809,431710,11
2810,431670,1
2811,431675,3
2812,431680,24
2813,431690,36
2814,431695,1
2815,431720,15
2816,431730,4
2817,431700,2
2818,431740,5
2819,431750,12
2820,431760,7
2821,431770,2
2822,431755,1
2823,431775,1
2824,431790,2
2825,431800,6
2826,431805,1
2827,431810,4
2828,431820,3
2829,431830,7
2830,431840,4
2831,431842,1
2832,431845,1
2833,431848,1
2834,431849,1
2835,431850,2
2836,431860,2
2837,431862,1
2838,431870,15
2839,431880,6
2840,431900,3
2841,431912,1
2842,431915,1
2843,431920,1
2844,431930,4
2845,431935,1
2846,431937,1
2847,431940,2
2848,431950,3
2849,431960,4
2850,431975,1
2851,431980,1
2852,431990,7
2853,432000,7
2854,432010,3
2855,432020,2
2856,432026,1
2857,432030,2
2858,432035,1
2859,432040,3
2860,432050,1
2861,432055,1
2862,432067,4
2863,432080,4
2864,432090,3
2865,432100,1
2866,432110,1
2867,432120,6
2868,432130,3
2869,432135,1
2870,432140,1
2871,432145,3
2872,432149,1
2873,432150,4
2874,432160,8
2875,432162,1
2876,432166,1
2877,432170,4
2878,432180,4
2879,432190,4
2880,432195,1
2881,432200,4
2882,432215,2
2883,432220,2
2884,432232,1
2885,432240,15
2886,432250,12
2887,432253,4
2888,432252,4
2889,432255,1
2890,432260,23
2891,432270,4
2892,432280,1
2893,432300,19
2894,432310,1
2895,432320,2
2896,432360,1
2897,432377,1
2898,432380,1
2899,500025,2
2900,500060,8
2901,500070,1
2902,500080,2
2903,500090,3
2904,500100,1
2905,500110,6
2906,500124,3
2907,500200,2
2908,500210,2
2909,500220,3
2910,500230,1
2911,500240,2
2912,500260,2
2913,500270,70
2914,500280,1
2915,500290,3
2916,500295,4
2917,500315,5
2918,500320,4
2919,500325,2
2920,500330,1
2921,500345,4
2922,500348,3
2923,500370,24
2924,500375,2
2925,500400,1
2926,500430,2
2927,500440,4
2928,500450,3
2929,500460,2
2930,500470,5
2931,500500,2
2932,500515,1
2933,500525,5
2934,500540,3
2935,500560,1
2936,500568,1
2937,500570,5
2938,500580,2
2939,500600,2
2940,500620,5
2941,500625,1
2942,500630,9
2943,500635,5
2944,500640,1
2945,500660,6
2946,500690,1
2947,500710,3
2948,500720,3
2949,500740,2
2950,500755,1
2951,500769,1
2952,500790,1
2953,500793,1
2954,500795,3
2955,500800,1
2956,500830,15
2957,510010,1
2958,510020,3
2959,510025,6
2960,510030,2
2961,510140,1
2962,510180,10
2963,510190,1
2964,510250,8
2965,510263,1
2966,510270,3
2967,510279,1
2968,510300,1
2969,510305,1
2970,510320,2
2971,510325,2
2972,510335,2
2973,510337,2
2974,510340,29
2975,510345,1
2976,510350,1
2977,510360,2
2978,510460,1
2979,510480,5
2980,510510,3
2981,510515,2
2982,510525,4
2983,510560,2
2984,510562,3
2985,510895,1
2986,510622,1
2987,510625,3
2988,510626,2
2989,510629,1
2990,510630,7
2991,510637,1
2992,510642,1
2993,510675,3
2994,510677,2
2995,510682,1
2996,510685,1
2997,510704,3
2998,510706,1
2999,510715,1
3000,510718,1
3001,510719,1
3002,510760,18
3003,510770,1
3004,510730,2
3005,510710,2
3006,510787,2
3007,510790,8
3008,510792,5
3009,510795,5
3010,510840,20
3011,510850,1
3012,510550,1
3013,510860,1
3014,520005,2
3015,520010,1
3016,520013,1
3017,520017,1
3018,520025,14
3019,520030,1
3020,520050,2
3021,520060,1
3022,520085,1
3023,520110,25
3024,520120,1
3025,520130,1
3026,520140,32
3027,520180,1
3028,520215,2
3029,520250,1
3030,520330,4
3031,520340,2
3032,520350,2
3033,520380,1
3034,520390,2
3035,520400,3
3036,520410,1
3037,520425,1
3038,520430,1
3039,520440,1
3040,520450,9
3041,520455,1
3042,520490,2
3043,520495,2
3044,520505,1
3045,520510,7
3046,520540,2
3047,520549,1
3048,520551,2
3049,520552,1
3050,520580,1
3051,520590,2
3052,520620,1
3053,520630,1
3054,520710,1
3055,520740,2
3056,520753,5
3057,520760,2
3058,520780,2
3059,520790,2
3060,520800,2
3061,520815,1
3062,520840,1
3063,520850,1
3064,520860,6
3065,520870,97
3066,520880,8
3067,520910,2
3068,520970,5
3069,520990,3
3070,520995,1
3071,521000,1
3072,521010,2
3073,521015,1
3074,521020,3
3075,521030,1
3076,521040,8
3077,521080,1
3078,521090,5
3079,521120,3
3080,521130,1
3081,521140,1
3082,521150,10
3083,521160,1
3084,521180,3
3085,521190,6
3086,521220,2
3087,521250,10
3088,521270,1
3089,521280,2
3090,521308,2
3091,521310,7
3092,521370,1
3093,521375,2
3094,521377,1
3095,521380,4
3096,521385,1
3097,521400,1
3098,521405,3
3099,521440,1
3100,521450,1
3101,521460,1
3102,521470,1
3103,521483,1
3104,521500,1
3105,521520,1
3106,521523,9
3107,521525,1
3108,521550,2
3109,521560,2
3110,521565,1
3111,521570,4
3112,521630,4
3113,521645,1
3114,521710,5
3115,521730,1
3116,521740,1
3117,521760,4
3118,521770,1
3119,521800,7
3120,521810,1
3121,521830,1
3122,521850,4
3123,521860,2
3124,521870,1
3125,521880,13
3126,521890,4
3127,521925,1
3128,521930,1
3129,521940,1
3130,521950,2
3131,521970,1
3132,521975,2
3133,522010,6
3134,522020,7
3135,522040,1
3136,522045,5
3137,522050,1
3138,522060,1
3139,522068,1
3140,522108,1
3141,522140,10
3142,522150,2
3143,522160,4
3144,522170,1
3145,522185,6
3146,522200,1
3148,530010,168
