,MUNCOD,Total
0,110001,1
1,110037,1
2,110002,5
3,110045,5
4,110060,1
5,110004,5
6,110080,3
7,110006,1
8,110009,2
9,110010,1
10,110011,2
11,110013,1
12,110014,3
13,110033,1
14,110050,1
15,110015,1
16,110018,3
17,110020,35
18,110025,1
19,110028,5
20,110029,1
21,110149,1
22,110032,1
23,110155,1
24,110030,2
25,120005,1
26,120013,2
27,120020,6
28,120025,2
29,120030,3
30,120032,1
31,120033,2
32,120080,1
33,120039,2
34,120040,21
35,120050,1
36,120045,3
37,120060,2
38,120070,2
39,130006,4
40,130014,2
41,130020,7
42,130050,4
43,130060,7
44,130070,1
45,130080,1
46,130110,1
47,130120,2
48,130130,2
49,130140,4
50,130150,2
51,130160,2
52,130165,1
53,130185,2
54,130190,1
55,130195,1
56,130220,1
57,130230,5
58,130250,6
59,130260,117
60,130340,7
61,130356,1
62,130370,7
63,130380,10
64,130390,4
65,130395,1
66,130406,16
67,130410,2
68,130420,11
69,130423,1
70,140002,1
71,140010,7
72,140015,4
73,140030,1
74,140040,2
75,150010,1
76,150020,1
77,150040,1
78,150050,4
79,150060,9
80,150080,8
81,150085,1
82,150095,2
83,150110,1
84,150130,2
85,150140,36
86,150172,1
87,150180,2
88,150200,1
89,150210,3
90,150215,1
91,150220,1
92,150230,3
93,150240,6
94,150270,4
95,150275,1
96,150276,1
97,150277,2
98,150293,3
99,150295,2
100,150304,2
101,150309,1
102,150320,3
103,150360,5
104,150370,3
105,150375,1
106,150380,1
107,150390,1
108,150400,1
109,150420,7
110,150440,2
111,150442,1
112,150445,1
113,150470,2
114,150475,0
115,150480,1
116,150490,3
117,150503,1
118,150506,3
119,150510,1
120,150520,1
121,150530,1
122,150548,1
123,150550,7
124,150553,4
125,150580,2
126,150600,1
127,150613,2
128,150616,3
129,150618,1
130,150620,2
131,150635,1
132,150650,1
133,150658,2
134,150660,3
135,150670,2
136,150680,12
137,150700,1
138,150720,1
139,150740,2
140,150760,2
141,150790,1
142,150795,1
143,150796,1
144,150800,1
145,150803,1
146,150808,2
147,150810,1
148,150812,1
149,150815,1
150,150820,4
151,150840,2
153,160020,1
154,160027,1
155,160030,19
156,160050,1
157,160053,1
158,160060,11
159,170040,1
160,170105,1
161,170200,1
162,170210,4
163,170220,4
164,170240,1
165,170255,1
166,170300,1
167,170510,1
168,170550,7
169,170710,2
170,170770,1
171,170820,2
172,170950,4
173,171050,1
174,171180,1
175,171190,3
176,171320,3
177,171330,2
178,171360,1
179,171370,1
180,171510,1
181,172100,8
182,171610,4
183,171620,2
184,171660,1
185,171750,2
186,171790,2
187,171800,1
188,171820,3
189,171840,1
190,171850,1
191,171870,1
192,171875,1
193,171880,1
194,171884,2
195,171886,1
196,171888,1
197,171889,1
198,171890,2
199,172020,2
200,172030,1
201,172080,1
202,172090,1
203,172093,1
204,210005,5
205,210030,2
206,210043,1
207,210060,3
208,210087,2
209,210090,1
210,210095,3
211,210120,3
212,210140,4
213,210150,4
214,210160,3
215,210170,1
216,210180,1
217,210197,1
218,210203,1
219,210210,1
220,210220,2
221,210230,3
222,210232,1
223,210270,2
224,210275,1
225,210280,2
226,210290,1
227,210300,13
228,210310,1
229,210315,2
230,210320,2
231,210330,6
232,210350,1
233,210355,1
234,210360,6
235,210370,2
236,210405,1
237,210480,2
238,210500,2
239,210515,1
240,210530,14
241,210535,1
242,210540,2
243,210542,1
244,210545,2
245,210547,1
246,210550,2
247,210565,1
248,210570,2
249,210594,1
250,210610,1
251,210630,1
252,210670,2
253,210675,1
254,210720,1
255,210725,1
256,210780,4
257,210800,1
258,210805,1
259,210810,2
260,210820,3
261,210830,2
262,210840,1
263,210845,2
264,210850,1
265,210860,1
266,210880,1
267,210890,1
268,210945,3
269,210950,2
270,210955,2
271,210960,1
272,210990,7
273,211000,2
274,211010,1
275,211020,1
276,211060,2
277,211065,3
278,211070,3
279,211080,1
280,211100,1
281,211107,2
282,211110,2
283,211120,5
284,211130,40
285,211150,1
286,211176,3
287,211180,2
288,211190,1
289,211210,3
290,211220,9
291,211223,3
292,211230,3
293,211270,2
294,211280,1
295,211285,2
296,211290,1
297,211400,4
298,220005,2
299,220010,1
300,220020,2
301,220027,1
302,220040,7
303,220045,1
304,220050,1
305,220060,1
306,220120,1
307,220130,1
308,220150,2
309,220157,1
310,220160,3
311,220170,3
312,220173,1
313,220180,1
314,220190,2
315,220192,1
316,220194,1
317,220196,1
318,220200,2
319,220202,1
320,220205,1
321,220210,1
322,220213,2
323,220217,2
324,220220,3
325,220225,1
326,220230,6
327,220240,2
328,220245,1
329,220260,3
330,220270,2
331,220272,1
332,220275,1
333,220290,1
334,220310,1
335,220330,1
336,220340,3
337,220360,1
338,220370,5
339,220390,4
340,220440,1
341,220450,2
342,220460,1
343,220465,2
344,220470,2
345,220490,1
346,220500,1
347,220510,1
348,220515,1
349,220520,1
350,220540,1
351,220550,3
352,220553,1
353,220554,1
354,220590,1
355,220640,2
356,220660,1
357,220665,1
358,220670,1
359,220675,2
360,220680,1
361,220700,4
362,220720,2
363,220730,1
364,220770,13
365,220779,1
366,220780,3
367,220785,2
368,220790,6
369,220800,4
370,220810,1
371,220830,1
372,220850,1
373,220860,1
374,220880,1
375,220900,3
376,220910,3
377,220920,2
378,220930,1
379,220937,3
380,220940,2
381,220955,1
382,220965,3
383,220970,2
384,220975,1
385,220997,1
386,221000,3
387,221005,1
388,221040,1
389,221050,1
390,221060,2
391,221065,2
392,221093,1
393,221100,56
394,221110,1
395,221120,1
396,221130,3
397,221140,1
398,221150,1
399,230015,1
400,230020,5
401,230030,6
402,230040,1
403,230060,1
404,230070,1
405,230080,1
406,230090,2
407,230100,6
408,230110,4
409,230130,1
410,230160,1
411,230170,2
412,230185,1
413,230190,5
414,230195,2
415,230205,1
416,230210,3
417,230220,3
418,230230,1
419,230240,2
420,230250,4
421,230260,1
422,230270,3
423,230280,8
424,230300,1
425,230310,1
426,230320,3
427,230330,2
428,230340,1
429,230350,2
430,230360,4
431,230365,1
432,230370,21
433,230380,4
434,230393,3
435,230395,2
436,230410,5
437,230420,8
438,230423,3
439,230427,1
440,230428,3
441,230430,1
442,230435,3
443,230440,144
444,230445,1
445,230450,1
446,230465,1
447,230470,2
448,230490,2
449,230495,2
450,230520,1
451,230523,8
452,230530,5
453,230533,1
454,230535,1
455,230540,11
456,230550,9
457,230560,3
458,230565,1
459,230570,1
460,230580,1
461,230590,3
462,230600,3
463,230610,1
464,230620,1
465,230625,2
466,230630,1
467,230640,15
468,230655,1
469,230690,1
470,230700,1
471,230710,3
472,230720,2
473,230725,1
474,230730,14
475,230750,2
476,230760,2
477,230763,1
478,230765,10
479,230770,5
480,230780,2
481,230790,2
482,230800,8
483,230810,4
484,230820,1
485,230830,3
486,230835,3
487,230837,1
488,230840,1
489,230850,1
490,230860,1
491,230880,2
492,230890,1
493,230900,1
494,230930,5
495,230940,5
496,230945,2
497,230950,3
498,230960,1
499,230970,3
500,231000,2
501,231020,2
502,231025,1
503,231030,2
504,231050,3
505,231070,2
506,231085,6
507,231090,1
508,231100,1
509,231110,2
510,231120,1
511,231123,1
512,231126,2
513,231130,4
514,231140,7
515,231150,2
516,231170,6
517,231180,5
518,231190,1
519,231195,1
520,231220,1
521,231200,3
522,231230,4
523,231240,4
524,231250,2
525,231260,2
526,231270,2
527,231290,9
528,231310,2
529,231320,1
530,231330,7
531,231340,9
532,231350,4
533,231355,1
534,231360,2
535,231370,2
536,231375,2
537,231380,1
538,231400,3
539,231410,4
540,240020,3
541,240030,2
542,240050,1
543,240060,2
544,240070,1
545,240080,1
546,240090,1
547,240100,3
548,240120,1
549,240170,2
550,240200,6
551,240210,1
552,240220,2
553,240230,1
554,240240,1
555,240260,4
556,240270,1
557,240300,2
558,240310,2
559,240330,3
560,240340,2
561,240350,1
562,240360,1
563,240380,2
564,240400,1
565,240420,1
566,240560,2
567,240570,1
568,240580,2
569,240600,1
570,240610,1
571,240620,1
572,240650,2
573,240660,1
574,240700,2
575,240710,3
576,240720,2
577,240800,16
578,240810,23
579,240820,1
580,240830,1
581,240860,1
582,240890,1
583,240325,10
584,240910,1
585,240930,1
586,240940,5
587,240980,2
588,240990,1
589,241025,1
590,241060,1
591,240895,1
592,241120,5
593,241140,1
594,241142,1
595,241170,1
596,241200,3
597,241210,1
598,241220,3
599,241230,1
600,241250,4
601,241260,1
602,241030,2
603,241330,1
604,241400,1
605,241105,2
606,241420,2
607,241440,2
608,241450,1
609,241470,1
610,241475,1
611,241480,1
612,241490,2
613,250020,3
614,250030,2
615,250040,2
616,250077,2
617,250080,1
618,250090,2
619,250100,1
620,250130,1
621,250135,1
622,250150,2
623,250153,1
624,250180,1
625,250205,2
626,250230,1
627,250250,1
628,250280,2
629,250290,1
630,250300,2
631,250320,3
632,250340,1
633,250350,1
634,250370,5
635,250390,1
636,250400,12
637,250415,1
638,250430,3
639,250440,1
640,250460,2
641,250480,2
642,250490,1
643,250510,2
644,250520,2
645,250530,1
646,250560,1
647,250610,1
648,250625,1
649,250660,1
650,250700,1
651,250720,1
652,250730,1
653,250750,17
654,250830,1
655,250850,1
656,250855,1
657,250890,1
658,250910,2
659,250920,2
660,250970,2
661,250990,1
662,251010,2
663,251080,11
664,251090,2
665,251120,1
666,251130,1
667,251140,3
668,251160,1
669,251203,1
670,251210,5
671,251250,2
672,251260,1
673,251275,1
674,251276,1
675,251340,1
676,251370,3
677,251360,1
678,251390,3
679,251398,1
680,251420,1
681,251530,2
682,251600,1
683,251620,3
684,251630,1
685,251640,1
686,251650,1
687,251660,2
688,251670,1
689,251690,2
690,251720,1
691,260005,3
692,260020,2
693,260040,2
694,260050,1
695,260060,1
696,260070,2
697,260080,2
698,260100,1
699,260105,1
700,260110,5
701,260120,2
702,260140,2
703,260170,5
704,260190,5
705,260200,3
706,260210,4
707,260220,1
708,260260,1
709,260270,2
710,260280,5
711,260290,6
712,260300,1
713,260320,4
714,260330,2
715,260345,7
716,260350,2
717,260370,1
718,260380,2
719,260390,1
720,260392,1
721,260410,10
722,260415,1
723,260450,2
724,260460,1
725,260500,1
726,260520,4
727,260530,1
728,260540,1
729,260550,1
730,260570,2
731,260580,1
732,260600,6
733,260610,1
734,260620,3
735,260630,1
736,260640,7
737,260660,3
738,260680,3
739,260690,1
740,260700,2
741,260720,1
742,260730,1
743,260750,2
744,260765,2
745,260770,3
746,260775,1
747,260790,19
748,260800,2
749,260805,1
750,260810,5
751,260830,1
752,260850,1
753,260860,1
754,260880,1
755,260900,3
756,260930,1
757,260960,8
758,260970,2
759,260980,1
760,260990,4
761,261000,2
762,261030,1
763,261050,1
764,261060,1
765,261070,6
766,261080,2
767,261090,2
768,261100,1
769,261110,13
770,261120,1
771,261150,1
772,261160,51
773,261170,1
774,261180,1
775,261220,1
776,261230,2
777,261240,1
778,261245,1
779,261247,1
780,261250,1
781,261255,2
782,261300,4
783,261310,3
784,261330,1
785,261340,1
786,261350,2
787,261360,3
788,261380,1
789,261390,4
790,261410,1
791,261450,4
792,261500,1
793,261530,2
794,261540,1
795,261550,1
796,261570,1
797,261580,1
798,261600,1
799,261618,1
800,261630,3
801,261640,5
803,270020,2
804,270030,10
805,270060,2
806,270100,1
807,270110,2
808,270140,1
809,270150,1
810,270160,1
811,270200,1
812,270230,2
813,270235,1
814,270240,2
815,270250,1
816,270255,1
817,270270,1
818,270290,1
819,270300,2
820,270310,2
821,270375,1
822,270380,3
823,270390,1
824,270400,2
825,270410,1
826,270420,2
827,270430,34
828,270440,2
829,270450,1
830,270470,1
831,270510,1
832,270520,1
833,270540,2
834,270630,6
835,270642,1
836,270660,1
837,270670,4
838,270700,1
839,270720,1
840,270750,3
841,270770,1
842,270800,4
843,270820,1
844,270840,1
845,270860,1
846,270895,1
847,270910,1
848,270915,2
849,270920,1
850,270930,2
851,280020,2
852,280030,36
853,280040,1
854,280060,1
855,280100,2
856,280110,2
857,280120,5
858,280140,2
859,280210,3
860,280290,4
861,280300,2
862,280320,1
863,280330,1
864,280350,5
865,280360,1
866,280410,3
867,280430,1
868,280450,2
869,280480,16
870,280510,1
871,280550,1
872,280560,3
873,280570,1
874,280580,2
875,280590,1
876,280660,1
877,280670,4
878,280700,1
879,280710,3
880,280740,1
882,290030,1
883,290035,2
884,290070,6
885,290080,1
886,290090,1
887,290110,1
888,290150,1
889,290190,1
890,290200,4
891,290225,1
892,290240,1
893,290260,1
894,290265,1
895,290270,1
896,290290,1
897,290300,1
898,290340,1
899,290360,1
900,290370,1
901,290380,1
902,290410,1
903,290420,1
904,290460,4
905,290470,1
906,290500,2
907,290520,2
908,290530,1
909,290540,1
910,290550,1
911,290570,8
912,290600,1
913,290620,1
914,290630,1
915,290650,1
916,290660,2
917,290680,2
918,290682,1
919,290685,1
920,290687,3
921,290689,1
922,290690,2
923,290720,3
924,290730,2
925,290750,3
926,290760,1
927,290780,1
928,290820,1
929,290840,1
930,290870,1
931,290930,1
932,290950,1
933,290960,1
934,290990,2
935,291000,1
936,291005,1
937,291010,4
938,291040,1
939,291050,1
940,290050,1
941,291072,3
942,291075,2
943,291080,8
944,291130,2
945,291170,4
946,291180,2
947,291185,1
948,291210,1
949,291220,3
950,291240,1
951,291290,1
952,291300,1
953,291310,2
954,291340,1
955,291360,7
956,291370,2
957,291390,2
958,291410,2
959,291430,1
960,291440,6
961,291450,1
962,291460,7
963,291465,1
964,291470,2
965,291480,5
966,291550,1
967,291560,6
968,291580,1
969,291600,2
970,291610,1
971,291640,6
972,291650,1
973,291660,1
974,291690,1
975,291700,2
976,291720,1
977,291750,4
978,291760,1
979,291770,2
980,291780,2
981,291800,5
982,291810,1
983,291820,2
984,291830,2
985,291840,7
986,291850,1
987,291915,2
988,291920,5
989,291930,1
990,291950,6
991,291970,2
992,291990,2
993,292050,1
994,292105,1
995,292110,1
996,292120,1
997,292140,1
998,292150,1
999,292170,4
1000,292180,2
1001,292200,1
1002,292205,4
1003,292210,1
1004,292240,1
1005,292275,1
1006,292290,1
1007,292303,1
1008,292310,1
1009,292340,2
1010,292350,1
1011,292380,1
1012,292400,5
1013,292410,1
1014,292430,1
1015,292460,1
1016,292480,2
1017,292500,3
1018,292510,2
1019,292520,2
1020,292525,1
1021,292530,3
1022,292560,2
1023,292570,1
1024,292575,2
1025,292580,1
1026,292590,1
1027,292595,1
1028,292600,3
1029,292630,1
1030,292640,1
1031,292650,1
1032,292660,2
1033,292670,3
1034,292680,1
1035,292700,3
1036,292710,1
1037,292730,1
1038,292740,67
1039,292800,2
1040,292860,1
1041,292870,1
1042,292880,2
1043,292910,1
1044,292900,1
1045,292925,2
1046,292930,2
1047,292937,1
1048,292950,2
1049,292980,2
1050,292990,2
1051,293000,2
1052,293010,4
1053,293020,2
1054,293015,1
1055,293050,2
1056,293060,2
1057,293070,4
1058,293077,2
1059,293100,3
1060,293120,1
1061,293135,6
1062,293160,1
1063,293170,2
1064,293180,1
1065,293190,2
1066,293220,2
1067,293230,1
1068,293240,1
1069,293250,1
1070,293260,1
1071,293270,1
1072,293290,2
1073,293305,1
1074,293320,2
1075,293330,11
1077,310020,2
1078,310030,1
1079,310060,2
1080,310110,3
1081,310160,9
1082,310170,2
1083,310190,2
1084,310200,1
1085,310210,1
1086,310230,1
1087,310250,2
1088,310260,3
1089,310280,2
1090,310290,4
1091,310320,1
1092,310340,3
1093,310350,10
1094,310370,4
1095,310390,1
1096,310400,13
1097,310410,1
1098,310420,2
1099,310430,2
1100,310450,2
1101,310460,1
1102,310470,1
1103,310490,1
1104,310510,3
1105,310530,1
1106,310540,2
1107,310560,13
1108,310590,2
1109,310620,144
1110,310640,1
1111,310670,16
1112,310710,6
1113,310730,4
1114,310740,7
1115,310800,4
1116,310820,1
1117,310825,1
1118,310830,3
1119,310870,1
1120,310855,3
1121,310860,3
1122,310900,1
1123,310910,3
1124,310920,2
1125,310930,2
1126,310945,3
1127,310970,2
1128,310990,1
1129,311000,1
1130,311030,1
1131,311040,1
1132,311060,1
1133,311090,3
1134,311100,4
1135,311110,4
1136,311115,1
1137,311120,8
1138,311130,2
1139,311160,5
1140,311190,1
1141,311170,1
1142,311180,3
1143,311200,1
1144,311230,2
1145,311260,2
1146,311300,2
1147,311340,5
1148,311370,3
1149,311400,1
1150,311420,3
1151,311430,8
1152,311450,2
1153,311480,1
1154,311530,4
1155,311545,1
1156,311547,1
1157,311550,1
1158,311570,1
1159,311630,1
1160,311660,1
1161,311670,1
1162,311680,1
1163,311700,1
1164,311730,1
1165,311740,1
1166,311750,2
1167,311760,1
1168,311790,1
1169,311800,4
1170,311830,6
1171,311840,1
1172,311850,1
1173,311860,27
1174,311880,2
1175,311910,2
1176,311920,1
1177,311930,4
1178,311940,7
1179,311950,2
1180,311995,3
1181,312020,1
1182,312040,1
1183,312050,2
1184,312080,1
1185,312087,1
1186,312090,9
1187,312110,1
1188,312140,1
1189,312160,6
1190,312170,1
1191,312180,1
1192,312190,1
1193,312230,19
1194,312240,1
1195,312247,1
1196,312320,2
1197,312340,1
1198,312352,2
1199,312360,5
1200,312370,1
1201,312380,1
1202,312385,1
1203,312390,1
1204,312400,1
1205,312410,1
1206,312420,1
1207,312430,1
1208,312440,1
1209,312450,1
1210,312470,1
1211,312490,1
1212,312510,2
1213,312610,8
1214,312630,1
1215,312670,3
1216,312680,2
1217,312710,12
1218,312770,12
1219,312800,4
1220,312810,3
1221,312825,2
1222,312830,1
1223,312860,1
1224,312870,5
1225,312890,5
1226,312920,1
1227,312930,1
1228,312950,3
1229,312970,2
1230,312980,8
1231,313000,1
1232,313020,4
1233,313055,1
1234,313060,2
1235,313070,1
1236,313080,1
1237,313090,3
1238,313115,2
1239,313120,1
1240,313130,4
1241,313140,2
1242,313150,1
1243,313170,14
1244,313190,3
1245,313200,1
1246,313210,1
1247,313220,1
1248,313230,1
1249,313240,6
1250,313250,4
1251,313300,2
1252,313340,1
1253,313350,7
1254,313370,1
1255,313375,1
1256,313380,7
1257,313420,8
1258,313440,5
1259,313460,1
1260,313480,1
1261,313490,3
1262,313505,3
1263,313510,5
1264,313520,3
1265,313530,1
1266,313535,1
1267,313540,1
1268,313550,1
1269,313580,1
1270,313610,2
1271,313620,2
1272,313630,2
1273,313655,1
1274,313670,31
1275,313690,2
1276,313710,1
1277,313720,2
1278,313750,5
1279,313753,2
1280,313780,1
1281,313790,1
1282,313820,21
1283,313840,2
1284,313860,4
1285,313865,1
1286,313868,1
1287,313890,1
1288,313900,1
1289,313920,1
1290,313940,5
1291,313960,2
1292,314000,2
1293,314010,1
1294,314050,4
1295,314070,2
1296,314080,1
1297,314085,1
1298,314090,2
1299,314110,1
1300,314120,3
1301,314140,4
1302,314150,1
1303,314160,1
1304,314170,1
1305,314210,1
1306,314225,1
1307,314230,1
1308,314290,1
1309,314300,1
1310,314310,3
1311,314320,1
1312,314330,10
1313,314390,9
1314,314410,3
1315,314435,1
1316,314460,1
1317,314470,2
1318,314480,8
1319,314500,2
1320,314510,3
1321,314520,6
1322,314530,3
1323,314537,1
1324,314560,4
1325,314585,1
1326,314587,1
1327,314590,3
1328,314600,1
1329,314610,1
1330,314630,2
1331,314640,1
1332,314710,5
1333,314700,1
1334,314720,4
1335,314730,1
1336,314740,3
1337,314790,5
1338,314800,14
1339,314810,9
1340,314830,2
1341,314840,1
1342,314860,2
1343,314870,4
1344,314910,8
1345,314915,1
1346,314930,4
1347,314970,1
1348,314990,3
1349,315000,1
1350,315010,2
1351,315060,1
1352,315080,3
1353,315130,1
1354,315140,3
1355,315150,3
1356,315170,3
1357,315180,12
1358,315190,1
1359,315200,7
1360,315210,5
1361,315220,2
1362,315240,1
1363,315250,10
1364,315280,2
1365,315290,1
1366,315320,1
1367,315340,3
1368,315400,2
1369,315430,1
1370,315445,3
1371,315460,12
1372,315480,4
1373,315490,2
1374,315510,1
1375,315550,2
1376,315560,1
1377,315600,1
1378,315630,2
1379,315645,1
1380,315660,1
1381,315670,4
1382,315690,3
1383,315700,7
1384,315720,1
1385,315725,1
1386,315733,2
1387,315737,3
1388,315765,1
1389,315770,2
1390,315780,8
1391,315800,2
1392,315920,1
1393,315930,2
1394,315935,3
1395,315950,1
1396,315960,5
1397,315980,4
1398,315870,1
1399,315880,2
1400,315890,1
1401,315895,1
1402,315990,1
1403,316030,2
1404,316040,5
1405,316070,4
1406,316100,1
1407,316105,1
1408,316110,1
1409,316120,1
1410,316140,1
1411,316150,2
1412,316160,1
1413,316190,1
1414,316200,1
1415,316210,9
1416,316240,5
1417,316250,9
1418,316257,1
1419,316260,1
1420,316270,2
1421,316294,1
1422,316300,1
1423,316350,2
1424,316370,3
1425,316400,1
1426,316420,1
1427,316460,1
1428,316470,5
1429,316520,2
1430,316500,3
1431,316530,2
1432,316540,1
1433,316550,2
1434,316553,1
1435,316570,4
1436,316590,1
1437,316600,2
1438,316610,2
1439,316620,2
1440,316680,2
1441,316710,2
1442,316720,16
1443,316810,1
1444,316850,2
1445,316860,9
1446,316870,6
1447,316890,1
1448,316900,1
1449,316905,1
1450,316930,5
1451,316935,1
1452,316940,8
1453,316960,2
1454,316970,1
1455,316990,10
1456,317000,1
1457,317010,11
1458,317020,40
1459,317040,7
1460,317047,1
1461,317050,1
1462,317070,8
1463,317080,4
1464,317100,1
1465,317103,1
1466,317120,5
1467,317130,6
1468,317170,2
1469,317200,4
1471,320010,5
1472,320030,1
1473,320040,1
1474,320060,1
1475,320070,1
1476,320080,3
1477,320090,4
1478,320100,1
1479,320110,1
1480,320120,4
1481,320130,13
1482,320140,2
1483,320150,6
1484,320160,1
1485,320190,2
1486,320230,2
1487,320240,6
1488,320245,1
1489,320250,3
1490,320255,1
1491,320265,1
1492,320270,1
1493,320290,2
1494,320300,2
1495,320310,1
1496,320320,3
1497,320332,3
1498,320340,1
1499,320350,1
1500,320370,1
1501,320390,2
1502,320400,1
1503,320405,1
1504,320420,1
1505,320430,1
1506,320435,1
1507,320450,2
1508,320455,8
1509,320460,2
1510,320465,1
1511,320470,4
1512,320490,4
1513,320500,15
1514,320501,1
1515,320503,3
1516,320506,1
1517,320510,4
1518,320517,2
1519,320520,22
1520,320530,21
1521,330010,9
1522,330015,2
1523,330020,7
1524,330022,1
1525,330023,1
1526,330025,3
1527,330030,2
1528,330040,15
1529,330045,7
1530,330060,1
1531,330070,6
1532,330080,1
1533,330090,3
1534,330100,16
1535,330110,1
1536,330093,2
1537,330120,1
1538,330140,1
1539,330160,1
1540,330170,21
1541,330190,8
1542,330200,4
1543,330205,1
1544,330210,2
1545,330220,4
1546,330225,2
1547,330227,5
1548,330240,12
1549,330250,8
1550,330270,9
1551,330280,1
1552,330285,4
1553,330290,1
1554,330300,1
1555,330310,1
1556,330320,4
1557,330330,13
1558,330340,12
1559,330350,19
1560,330360,2
1561,330370,2
1562,330380,1
1563,330385,1
1564,330390,12
1565,330395,1
1566,330410,2
1567,330411,1
1568,330412,1
1569,330414,2
1570,330420,7
1571,330430,1
1572,330440,1
1573,330450,1
1574,330452,3
1575,330455,184
1576,330470,3
1577,330480,2
1578,330475,3
1579,330490,18
1580,330500,3
1581,330510,8
1582,330515,1
1583,330520,1
1584,330550,6
1585,330555,2
1586,330560,1
1587,330570,3
1588,330575,1
1589,330580,13
1590,330600,6
1591,330610,1
1592,330620,2
1593,330630,7
1595,350010,2
1596,350030,5
1597,350040,1
1598,350070,1
1599,350100,1
1600,350115,2
1601,350130,1
1602,350160,9
1603,350190,6
1604,350210,1
1605,350230,1
1606,350270,2
1607,350280,13
1608,350290,1
1609,350320,8
1610,350330,13
1611,350380,1
1612,350390,1
1613,350400,9
1614,350410,6
1615,350420,3
1616,350450,8
1617,350460,1
1618,350520,2
1619,350530,1
1620,350550,6
1621,350560,2
1622,350570,12
1623,350590,2
1624,350600,24
1625,350610,4
1626,350635,2
1627,350640,1
1628,350650,4
1629,350660,2
1630,350680,1
1631,350700,5
1632,350710,2
1633,350715,1
1634,350740,4
1635,350750,13
1636,350760,10
1637,350770,1
1638,350780,2
1639,350790,1
1640,350800,2
1641,350840,2
1642,350850,2
1643,350860,5
1644,350890,1
1645,350900,3
1646,350920,4
1647,350925,1
1648,350940,2
1649,350945,1
1650,350950,58
1651,350960,3
1652,350970,4
1653,350980,2
1654,351020,3
1655,351030,1
1656,351040,1
1657,351050,6
1658,351060,16
1659,351080,6
1660,351090,1
1661,351100,3
1662,351110,4
1663,351120,1
1664,351130,2
1665,351150,2
1666,351160,2
1667,351170,1
1668,355720,1
1669,351190,1
1670,351200,1
1671,351210,1
1672,351220,2
1673,351230,2
1674,351240,3
1675,351280,3
1676,351290,1
1677,351300,8
1678,351310,1
1679,351340,9
1680,351350,2
1681,351360,2
1682,351370,1
1683,351380,14
1684,351390,3
1685,351410,3
1686,351430,2
1687,351440,3
1688,351480,2
1689,351490,1
1690,351500,8
1691,351518,2
1692,351550,6
1693,351565,1
1694,351570,7
1695,351620,17
1696,351630,11
1697,351640,5
1698,351660,2
1699,351670,3
1700,351700,1
1701,351710,1
1702,351740,6
1703,351770,3
1704,351820,4
1705,351830,1
1706,351840,1
1707,351850,1
1708,351860,2
1709,351870,21
1710,351880,65
1711,351907,8
1712,351910,3
1713,351925,2
1714,351930,2
1715,351950,1
1716,351960,4
1717,351970,6
1718,352000,1
1719,352010,2
1720,352044,1
1721,352040,4
1722,352050,13
1723,352100,1
1724,352110,1
1725,352130,1
1726,352140,1
1727,352150,3
1728,352170,3
1729,352180,1
1730,352190,2
1731,352200,2
1732,352210,6
1733,352220,6
1734,352230,7
1735,352240,5
1736,352250,5
1737,352260,4
1738,352270,5
1739,352310,16
1740,352320,5
1741,352330,1
1742,352340,10
1743,352350,2
1744,352360,2
1745,352390,9
1746,352400,1
1747,352410,1
1748,352430,8
1749,352440,12
1750,352450,2
1751,352460,1
1752,352470,5
1753,352480,4
1754,352490,1
1755,352500,4
1756,352510,4
1757,352520,1
1758,352530,7
1759,352570,1
1760,352580,1
1761,352590,21
1762,352640,3
1763,352650,1
1764,352670,8
1765,352680,2
1766,352690,12
1767,352710,6
1768,352720,1
1769,352730,4
1770,352740,1
1771,352750,1
1772,352760,1
1773,352790,1
1774,352840,5
1775,352850,10
1776,352860,2
1777,352880,2
1778,352900,14
1779,352920,3
1780,352930,7
1781,352940,9
1782,352970,2
1783,352990,1
1784,353010,4
1785,353020,1
1786,353030,5
1787,353050,4
1788,353060,21
1789,353070,12
1790,353080,7
1791,353090,1
1792,353110,3
1793,353130,6
1794,353140,2
1795,353150,1
1796,353160,2
1797,353170,1
1798,353205,1
1799,353240,1
1800,353282,1
1801,353290,3
1802,353330,1
1803,353340,9
1804,353350,2
1805,353360,1
1806,353390,5
1807,353410,1
1808,353430,6
1809,353440,32
1810,353460,2
1811,353470,10
1812,353480,1
1813,353500,1
1814,353510,1
1815,353520,2
1816,353530,3
1817,353540,1
1818,353550,6
1819,353560,2
1820,353580,1
1821,353600,2
1822,353610,1
1823,353650,1
1824,353670,2
1825,353690,1
1826,353700,1
1827,353710,1
1828,353720,1
1829,353730,3
1830,353740,2
1831,353760,1
1832,353780,4
1833,353790,1
1834,353800,7
1835,353860,1
1836,353870,29
1837,353880,2
1838,353890,4
1839,353900,4
1840,353920,4
1841,353930,6
1842,353950,3
1843,353980,3
1844,354000,1
1845,354020,2
1846,354050,3
1847,354060,4
1848,354070,2
1849,354075,1
1850,354080,2
1851,354100,10
1852,354130,2
1853,354140,11
1854,354150,5
1855,354160,5
1856,354180,2
1857,354190,1
1858,354200,1
1859,354220,1
1860,354230,1
1861,354240,1
1862,354260,1
1863,354270,1
1864,354290,3
1865,354300,1
1866,354330,6
1867,354340,40
1868,354370,1
1869,354380,1
1870,354390,14
1871,354400,1
1872,354410,2
1873,354420,2
1874,354350,1
1875,354425,1
1876,354460,2
1877,354500,1
1878,354510,2
1879,354520,2
1880,354540,1
1881,354560,2
1882,354580,12
1883,354620,1
1884,354630,3
1885,354640,1
1886,354660,3
1887,354680,4
1888,354690,2
1889,354710,1
1890,354750,2
1891,354760,2
1892,354730,6
1893,354770,1
1894,354780,19
1895,354810,3
1896,354830,1
1897,354840,1
1898,354850,30
1899,354860,1
1900,354870,33
1901,354880,5
1902,354890,17
1903,354910,7
1904,354940,1
1905,354970,5
1906,354980,26
1907,354990,11
1908,354995,2
1909,355010,1
1910,355020,3
1911,355030,534
1912,355040,1
1913,355060,6
1914,355070,4
1915,355080,1
1916,355090,4
1917,355100,10
1918,355130,1
1919,355140,4
1920,355160,1
1921,355150,5
1922,355170,12
1923,355190,1
1924,355210,4
1925,355220,33
1926,355240,14
1927,355250,12
1928,355270,2
1929,355280,4
1930,355290,1
1931,355310,1
1932,355330,2
1933,355340,1
1934,355365,1
1935,355370,7
1936,355380,3
1937,355385,1
1938,355395,3
1939,355400,7
1940,355410,10
1941,355430,1
1942,355450,1
1943,355460,1
1944,355465,1
1945,355480,2
1946,355500,2
1947,355510,2
1948,355540,6
1949,355550,1
1950,355580,1
1951,355600,5
1952,355610,3
1953,355620,1
1954,355630,2
1955,355635,1
1956,355640,4
1957,355645,2
1958,355650,5
1959,355670,1
1960,355700,6
1961,355710,7
1963,410010,1
1964,410040,4
1965,412862,1
1966,410060,1
1967,410070,1
1968,410050,1
1969,410100,2
1970,410140,10
1971,410150,6
1972,410160,3
1973,410180,4
1974,410190,1
1975,410210,2
1976,410220,1
1977,410230,1
1978,410240,2
1979,410250,1
1980,410270,1
1981,410260,1
1982,410280,1
1983,410304,2
1984,410305,1
1985,410310,1
1986,410330,1
1987,410335,2
1988,410370,3
1989,410380,1
1990,410390,2
1991,410420,2
1992,410430,4
1993,410440,1
1994,410442,1
1995,410445,1
1996,410450,5
1997,410460,2
1998,410465,3
1999,410470,4
2000,410480,19
2001,410490,7
2002,410520,1
2003,410540,4
2004,410550,4
2005,410560,2
2006,410570,2
2007,410580,5
2008,410640,1
2009,410645,1
2010,410650,4
2011,410655,1
2012,410680,5
2013,410657,1
2014,410660,1
2015,410685,2
2016,410690,56
2017,410720,4
2018,410740,1
2019,410750,1
2020,410765,4
2021,410780,1
2022,410820,1
2023,410830,15
2024,410845,2
2025,410840,9
2026,410855,2
2027,410860,2
2028,410870,2
2029,410880,5
2030,410890,2
2031,410895,2
2032,410900,1
2033,410920,1
2034,410940,9
2035,410960,5
2036,410970,1
2037,410980,2
2038,411005,2
2039,411010,4
2040,411040,1
2041,411050,2
2042,411070,6
2043,411080,2
2044,411095,2
2045,411120,6
2046,411125,2
2047,411130,1
2048,411150,3
2049,411180,3
2050,411190,1
2051,411200,1
2052,411210,1
2053,411230,1
2054,411240,1
2055,411250,1
2056,411270,1
2057,411300,1
2058,411320,2
2059,411330,3
2060,411342,1
2061,411370,27
2062,411373,1
2063,411390,1
2064,411410,1
2065,411430,1
2066,411450,1
2067,411460,7
2068,411490,1
2069,411510,1
2070,411520,13
2071,411535,1
2072,411540,4
2073,411570,1
2074,411580,3
2075,411605,1
2076,411620,1
2077,411630,1
2078,411670,1
2079,411690,1
2080,411705,2
2081,411720,2
2082,411722,1
2083,411729,1
2084,411730,2
2085,411740,1
2086,411750,2
2087,411760,1
2088,411770,1
2089,411780,2
2090,411790,2
2091,411800,1
2092,411810,1
2093,411820,2
2094,411840,7
2095,411850,5
2096,411880,1
2097,411885,1
2098,411890,1
2099,411915,3
2100,411930,4
2101,411940,2
2102,411950,9
2103,411980,3
2104,411990,13
2105,412000,1
2106,412035,1
2107,412060,4
2108,412085,1
2109,412090,2
2110,412100,2
2111,412120,3
2112,412125,1
2113,412140,4
2114,412150,2
2115,412160,2
2116,412170,1
2117,412180,1
2118,412200,2
2119,412215,1
2120,412230,1
2121,412240,1
2122,412265,2
2123,412300,1
2124,412330,1
2125,412350,9
2126,412380,2
2127,412385,3
2128,412410,2
2129,412440,2
2130,412480,2
2131,412490,2
2132,412500,1
2133,412510,1
2134,412520,1
2135,412535,1
2136,412550,10
2137,412560,3
2138,412570,4
2139,412600,1
2140,412625,4
2141,412627,1
2142,412630,1
2143,412635,1
2144,412660,5
2145,412665,2
2146,412670,2
2147,412690,2
2148,412700,2
2149,412710,4
2150,412720,1
2151,412730,2
2152,412740,4
2153,412750,8
2154,412760,1
2155,412770,12
2156,412780,3
2157,412785,1
2158,412788,1
2159,412795,1
2160,412800,4
2161,412810,7
2162,412820,9
2163,412855,2
2164,412860,1
2165,412870,3
2166,412850,1
2167,412880,2
2168,420020,2
2169,420030,2
2170,420040,1
2171,420060,3
2172,420070,2
2173,420080,1
2174,420125,2
2175,420130,3
2176,420140,8
2177,420170,1
2178,420190,2
2179,420195,3
2180,420200,6
2181,420207,2
2182,421280,1
2183,422000,0
2184,420210,3
2185,420213,1
2186,420220,4
2187,420240,31
2188,420243,1
2189,420250,1
2190,420253,1
2191,420260,2
2192,420245,1
2193,420280,7
2194,420285,2
2195,420287,1
2196,420290,11
2197,420300,8
2198,420320,5
2199,420340,1
2200,420350,2
2201,420360,4
2202,420370,1
2203,420380,2
2204,420390,1
2205,420400,1
2206,420420,27
2207,420425,1
2208,420430,11
2209,420455,1
2210,420450,2
2211,420460,23
2212,420470,2
2213,420475,1
2214,420480,2
2215,420490,1
2216,420500,1
2217,420510,1
2218,420520,3
2219,420530,1
2220,420540,29
2221,420545,1
2222,420550,5
2223,420560,1
2224,420570,2
2225,420580,2
2226,420590,5
2227,420600,1
2228,420610,1
2229,420630,4
2230,420640,1
2231,420650,4
2232,420665,1
2233,420670,3
2234,420675,1
2235,420690,1
2236,420700,4
2237,420710,1
2238,420750,5
2239,420765,1
2240,420768,1
2241,420770,1
2242,420775,1
2243,420780,1
2244,420790,1
2245,420810,1
2246,420820,14
2247,420830,4
2248,420840,2
2249,420870,1
2250,420880,4
2251,420890,9
2252,420900,3
2253,420910,26
2254,420917,1
2255,420920,1
2256,420930,18
2257,420940,2
2258,420945,1
2259,420950,3
2260,420960,3
2261,420985,1
2262,420990,3
2263,421000,2
2264,421003,2
2265,421010,5
2266,421020,1
2267,421030,1
2268,421050,4
2269,421060,2
2270,421080,1
2271,421085,1
2272,421100,2
2273,421105,2
2274,421110,1
2275,421120,1
2276,421130,6
2277,421140,1
2278,421145,1
2279,421150,3
2280,421160,3
2281,421170,4
2282,421175,1
2283,421180,1
2284,421190,8
2285,421200,3
2286,421210,4
2287,421225,1
2288,421227,1
2289,421250,2
2290,421260,3
2291,421270,1
2292,421290,3
2293,421320,4
2294,421350,2
2295,421360,4
2296,421370,1
2297,421400,1
2298,421410,1
2299,421420,2
2300,421480,5
2301,421470,3
2302,421500,3
2303,421505,1
2304,421507,1
2305,421520,3
2306,421555,1
2307,421567,1
2308,421580,4
2309,421600,1
2310,421605,2
2311,421610,1
2312,421620,4
2313,421630,4
2314,421635,1
2315,421625,1
2316,421640,1
2317,421650,1
2318,421660,17
2319,421670,1
2320,421680,1
2321,421690,1
2322,421700,2
2323,421710,1
2324,421715,1
2325,421720,2
2326,421740,1
2327,421750,4
2328,421770,5
2329,421780,1
2330,421800,5
2331,421820,5
2332,421825,1
2333,421850,1
2334,421870,8
2335,421890,2
2336,421900,2
2337,421920,2
2338,421930,4
2339,421950,4
2340,421960,2
2341,421970,7
2342,430010,1
2343,430030,2
2344,430040,5
2345,430045,2
2346,430055,1
2347,430060,11
2348,430063,1
2349,430064,1
2350,430070,1
2351,430087,1
2352,430090,1
2353,430100,6
2354,430107,2
2355,430120,3
2356,430110,2
2357,430130,3
2358,430140,2
2359,430155,1
2360,430160,7
2361,430163,2
2362,430175,2
2363,430185,1
2364,430187,1
2365,430200,4
2366,430210,13
2367,430215,1
2368,430230,2
2369,430240,1
2370,430245,3
2371,430250,4
2372,430270,3
2373,430280,2
2374,430290,1
2375,430300,5
2376,430310,10
2377,430340,3
2378,430350,10
2379,430355,3
2380,430360,1
2381,430370,2
2382,430390,4
2383,430420,5
2384,430430,1
2385,430435,1
2386,430440,1
2387,430450,5
2388,430460,19
2389,430463,6
2390,430466,1
2391,430468,3
2392,430471,1
2393,430470,4
2394,430500,2
2395,430510,44
2396,430511,1
2397,430512,1
2398,430517,1
2399,430520,3
2400,430530,1
2401,430535,3
2402,430540,2
2403,430543,1
2404,430545,1
2405,430550,1
2406,430580,1
2407,430590,2
2408,430593,1
2409,430595,2
2410,430600,2
2411,430607,1
2412,430610,5
2413,430613,2
2414,430620,3
2415,430632,1
2416,430640,3
2417,430642,1
2418,430650,2
2419,430660,6
2420,430655,1
2421,430675,1
2422,430676,2
2423,430680,5
2424,430690,7
2425,430695,1
2426,430693,1
2427,430700,14
2428,430720,4
2429,430730,2
2430,430745,2
2431,430750,2
2432,430755,1
2433,430760,5
2434,430770,3
2435,430780,4
2436,430781,1
2437,430786,1
2438,430790,5
2439,430810,2
2440,430820,3
2441,430830,5
2442,430840,1
2443,430843,1
2444,430850,2
2445,430860,5
2446,430865,2
2447,430870,2
2448,430880,2
2449,430885,1
2450,430890,5
2451,430900,2
2452,430910,6
2453,430920,14
2454,430930,6
2455,430940,2
2456,430950,4
2457,430710,1
2458,430957,1
2459,430960,4
2460,430965,1
2461,430970,1
2462,430980,1
2463,431000,5
2464,431020,5
2465,431033,2
2466,431050,1
2467,431060,2
2468,431080,3
2469,431085,1
2470,431090,3
2471,431100,5
2472,431110,1
2473,431112,1
2474,431113,2
2475,431120,5
2476,431123,1
2477,431127,1
2478,431130,9
2479,431125,1
2480,431140,13
2481,431160,2
2482,431162,1
2483,431171,1
2484,431177,1
2485,431180,3
2486,431205,1
2487,431210,1
2488,431215,1
2489,431230,2
2490,431238,1
2491,431240,8
2492,431245,2
2493,431250,1
2494,431262,1
2495,431265,5
2496,431270,1
2497,431275,2
2498,431290,1
2499,431303,2
2500,431306,1
2501,431310,1
2502,431320,4
2503,431337,2
2504,431340,22
2505,431342,1
2506,431350,1
2507,431360,1
2508,431370,2
2509,431380,1
2510,431390,5
2511,431400,1
2512,431403,1
2513,431405,5
2514,431407,1
2515,431410,20
2516,431413,1
2517,431415,1
2518,431440,33
2519,431442,1
2520,431450,2
2521,431454,0
2522,431460,5
2523,431470,2
2524,431480,2
2525,431490,110
2526,431500,1
2527,431510,2
2528,431515,3
2529,431517,1
2530,431520,1
2531,431530,3
2532,431535,1
2533,431540,2
2534,431560,20
2535,431570,3
2536,431575,1
2537,431580,5
2538,431590,4
2539,431600,1
2540,431610,1
2541,431620,1
2542,431640,7
2543,431650,7
2544,431660,1
2545,431710,7
2546,431670,3
2547,431673,1
2548,431675,1
2549,431680,17
2550,431697,1
2551,431690,31
2552,431695,3
2553,431720,6
2554,431730,9
2555,431700,4
2556,431740,6
2557,431750,6
2558,431760,7
2559,431770,3
2560,431780,1
2561,431795,1
2562,431810,1
2563,431820,2
2564,431830,7
2565,431840,3
2566,431848,2
2567,431850,1
2568,431860,1
2569,431861,1
2570,431870,12
2571,431880,6
2572,431890,3
2573,431900,2
2574,431910,1
2575,431915,3
2576,431920,1
2577,431930,2
2578,431936,2
2579,431937,1
2580,431940,3
2581,431950,2
2582,431975,1
2583,431980,2
2584,431990,3
2585,432000,5
2586,432010,2
2587,432023,1
2588,432026,1
2589,432030,1
2590,432040,2
2591,432045,1
2592,432050,1
2593,432055,1
2594,432057,1
2595,432067,2
2596,432080,3
2597,432090,3
2598,432100,3
2599,432110,3
2600,432120,4
2601,432130,6
2602,432140,2
2603,432143,1
2604,432145,3
2605,432149,1
2606,432150,5
2607,432160,2
2608,432162,1
2609,432166,2
2610,432170,4
2611,432180,4
2612,432190,4
2613,432195,3
2614,432200,2
2615,432210,1
2616,432215,1
2617,432220,3
2618,432225,1
2619,432234,1
2620,432235,1
2621,432240,9
2622,432250,7
2623,432253,1
2624,432260,14
2625,432270,3
2626,432280,5
2627,432290,2
2628,432300,13
2629,432310,3
2630,432330,1
2631,432335,1
2632,432345,1
2633,432350,1
2634,432375,1
2635,432377,1
2636,432380,1
2637,500020,2
2638,500060,18
2639,500070,1
2640,500080,1
2641,500085,1
2642,500090,2
2643,500100,5
2644,500110,4
2645,500124,2
2646,500190,3
2647,500210,1
2648,500220,1
2649,500230,1
2650,500240,2
2651,500260,2
2652,500270,53
2653,500280,1
2654,500290,1
2655,500295,2
2656,500310,1
2657,500315,3
2658,500320,1
2659,500325,2
2660,500330,3
2661,500348,2
2662,500370,25
2663,500375,2
2664,500380,3
2665,500450,2
2666,500470,1
2667,500480,5
2668,500500,3
2669,500515,1
2670,500525,2
2671,500540,2
2672,500568,1
2673,500600,2
2674,500620,2
2675,500625,1
2676,500630,5
2677,500635,6
2678,500660,6
2679,500690,1
2680,500710,4
2681,500720,1
2682,500740,2
2683,500769,1
2684,500793,2
2685,500795,2
2686,500797,1
2687,500830,6
2688,510020,2
2689,510025,4
2690,510030,2
2691,510170,1
2692,510180,5
2693,510190,2
2694,510250,3
2695,510263,2
2696,510267,4
2697,510270,1
2698,510305,2
2699,510320,1
2700,510337,1
2701,510340,31
2702,510350,1
2703,510390,2
2704,510420,2
2705,510452,1
2706,510454,1
2707,510490,2
2708,510510,1
2709,510515,2
2710,510523,1
2711,510525,4
2712,510558,4
2713,510560,2
2714,510590,1
2715,510600,2
2716,510618,2
2717,510895,1
2718,510622,2
2719,510627,1
2720,510637,1
2721,510642,2
2722,510675,2
2723,510680,1
2724,510682,1
2725,510700,1
2726,510704,1
2727,510718,2
2728,510760,13
2729,510770,2
2730,510785,1
2731,510730,1
2732,510710,1
2733,510790,4
2734,510792,2
2735,510795,7
2736,510800,1
2737,510805,4
2738,510810,1
2739,510840,11
2740,510850,3
2741,510550,2
2742,520010,3
2743,520013,2
2744,520015,1
2745,520020,3
2746,520025,8
2747,520030,2
2748,520110,20
2749,520130,4
2750,520140,32
2751,520150,1
2752,520170,3
2753,520215,1
2754,520250,1
2755,520260,2
2756,520330,2
2757,520340,1
2758,520350,2
2759,520355,2
2760,520390,2
2761,520393,1
2762,520400,1
2763,520425,1
2764,520440,2
2765,520450,8
2766,520470,1
2767,520490,1
2768,520500,1
2769,520505,1
2770,520510,6
2771,520540,2
2772,520547,2
2773,520549,1
2774,520551,1
2775,520580,2
2776,520590,1
2777,520620,1
2778,520640,2
2779,520670,1
2780,520740,5
2781,520800,9
2782,520840,1
2783,520860,10
2784,520870,75
2785,520880,2
2786,520890,2
2787,520910,1
2788,520920,3
2789,520970,1
2790,521000,3
2791,521010,3
2792,521015,1
2793,521020,5
2794,521040,4
2795,521120,1
2796,521140,2
2797,521150,9
2798,521180,10
2799,521190,11
2800,521200,1
2801,521210,2
2802,521220,2
2803,521230,1
2804,521250,12
2805,521260,1
2806,521270,1
2807,521280,2
2808,521290,1
2809,521300,2
2810,521305,1
2811,521308,2
2812,521310,8
2813,521370,2
2814,521380,4
2815,521400,4
2816,521405,1
2817,521450,2
2818,521460,3
2819,521490,2
2820,521523,5
2821,521530,2
2822,521540,2
2823,521550,1
2824,521560,2
2825,521570,1
2826,521600,1
2827,521680,2
2828,521710,4
2829,521730,1
2830,521760,6
2831,521770,4
2832,521800,2
2833,521830,2
2834,521850,3
2835,521880,11
2836,521890,3
2837,521900,2
2838,521920,1
2839,521925,1
2840,521940,1
2841,521960,1
2842,521970,2
2843,521973,1
2844,521975,2
2845,522000,1
2846,522010,2
2847,522020,6
2848,522045,8
2849,522050,1
2850,522060,1
2851,522140,16
2852,522157,2
2853,522160,5
2854,522180,2
2855,522185,4
2856,522200,1
2858,530010,135
