,MUNCOD,Total
0,110001,3
1,110034,1
2,110002,5
3,110045,1
4,110003,2
5,110004,6
6,110070,1
7,110080,5
8,110005,2
9,110006,2
10,110008,1
11,110010,10
12,110110,1
13,110011,2
14,110012,1
15,110120,2
16,110033,3
17,110018,1
18,110146,1
19,110020,41
20,110028,5
21,110029,2
22,110148,2
23,110032,1
24,110150,2
25,110160,2
26,110030,4
27,120010,1
28,120013,1
29,120020,2
30,120025,1
31,120030,6
32,120032,1
33,120033,1
34,120034,2
35,120038,1
36,120080,2
37,120040,17
38,120050,2
39,120045,1
40,120060,1
41,130006,2
42,130008,1
43,130014,2
44,130030,2
45,130040,2
46,130050,5
47,130060,7
48,130063,1
49,130080,1
50,130120,3
51,130130,2
52,130140,11
53,130150,2
54,130160,1
55,130170,2
56,130185,2
57,130190,11
58,130200,1
59,130220,1
60,130230,2
61,130250,8
62,130255,1
63,130260,126
64,130270,1
65,130280,2
66,130290,2
67,130300,1
68,130330,1
69,130340,11
70,130356,2
71,130360,1
72,130370,2
73,130380,13
74,130390,10
75,130406,15
76,130410,3
77,130420,2
78,130430,1
79,140005,3
80,140002,4
81,140010,26
82,140015,4
83,140017,5
84,140020,3
85,140028,1
86,140045,1
87,140047,2
88,140050,1
89,140060,1
90,140070,1
91,150030,1
92,150050,1
93,150060,3
94,150070,1
95,150080,9
96,150085,1
97,150090,5
98,150095,1
99,150120,2
100,150130,5
101,150140,42
102,150145,1
103,150170,6
104,150180,1
105,150200,1
106,150210,2
107,150215,2
108,150220,1
109,150230,2
110,150240,4
111,150260,1
112,150270,5
113,150275,1
114,150276,1
115,150277,1
116,150285,1
117,150290,2
118,150293,2
119,150304,3
120,150307,1
121,150309,4
122,150310,1
123,150320,1
124,150330,1
125,150340,1
126,150350,1
127,150360,10
128,150370,2
129,150375,1
130,150380,1
131,150405,1
132,150420,10
133,150430,1
134,150440,2
135,150442,2
136,150445,1
137,150460,1
138,150470,3
139,150475,0
140,150480,1
141,150497,2
142,150503,2
143,150506,6
144,150510,3
145,150520,1
146,150530,2
147,150543,1
148,150548,3
149,150550,7
150,150553,8
151,150555,1
152,150563,2
153,150580,5
154,150613,2
155,150616,3
156,150620,1
157,150650,5
158,150658,1
159,150670,4
160,150680,16
161,150715,2
162,150720,2
163,150730,3
164,150740,1
165,150745,2
166,150746,1
167,150760,2
168,150775,1
169,150790,2
170,150795,2
171,150800,2
172,150808,1
173,150810,3
174,150812,1
175,150815,4
176,150820,1
177,150830,4
178,150835,1
179,150840,1
180,160010,1
181,160020,1
182,160023,2
183,160027,2
184,160030,32
185,160040,1
186,160050,1
187,160053,3
188,160060,10
189,170030,2
190,170040,1
191,170070,3
192,170100,1
193,170110,1
194,170130,1
195,170210,11
196,170220,2
197,170240,3
198,170255,2
199,170290,1
200,170300,1
201,170310,1
202,170360,1
203,170380,1
204,170384,1
205,170550,2
206,171670,1
207,170700,3
208,170710,1
209,170720,1
210,170730,2
211,170765,1
212,170820,2
213,170830,1
214,170900,1
215,170930,3
216,170950,3
217,171190,4
218,171200,1
219,171330,2
220,171360,1
221,171420,1
222,171488,1
223,171550,1
224,172100,14
225,171380,1
226,171610,1
227,171650,1
228,171780,1
229,171820,3
230,171875,1
231,171886,2
232,172010,1
233,172025,1
234,172049,1
235,172065,1
236,172097,1
237,172120,2
238,172125,1
239,172210,2
240,210005,2
241,210030,1
242,210047,1
243,210055,1
244,210060,4
245,210070,1
246,210080,1
247,210095,2
248,210100,2
249,210120,2
250,210130,1
251,210140,8
252,210150,2
253,210160,6
254,210170,3
255,210180,1
256,210200,3
257,210203,1
258,210210,2
259,210215,1
260,210220,1
261,210230,2
262,210235,1
263,210255,4
264,210270,1
265,210300,7
266,210315,1
267,210317,1
268,210320,3
269,210330,5
270,210340,1
271,210350,1
272,210360,3
273,210370,2
274,210380,1
275,210400,3
276,210405,1
277,210410,1
278,210440,1
279,210460,1
280,210465,1
281,210470,1
282,210480,4
283,210515,1
284,210530,15
285,210540,4
286,210542,1
287,210550,2
288,210560,1
289,210570,4
290,210596,1
291,210598,2
292,210610,2
293,210637,1
294,210640,1
295,210650,1
296,210670,1
297,210675,3
298,210680,2
299,210690,1
300,210720,1
301,210730,1
302,210735,1
303,210740,2
304,210750,1
305,210760,1
306,210770,2
307,210780,1
308,210800,1
309,210820,8
310,210825,1
311,210830,1
312,210845,1
313,210860,5
314,210870,1
315,210890,1
316,210900,2
317,210910,1
318,210923,1
319,210940,3
320,210945,1
321,210950,3
322,210960,1
323,210990,3
324,211000,1
325,211020,1
326,211023,1
327,211030,1
328,211060,3
329,211065,1
330,211070,1
331,211085,1
332,211090,1
333,211100,1
334,211102,1
335,211110,2
336,211120,4
337,211130,43
338,211150,2
339,211163,1
340,211190,1
341,211200,2
342,211210,5
343,211220,12
344,211223,1
345,211230,3
346,211240,1
347,211245,1
348,211250,1
349,211270,2
350,211285,1
351,211290,1
352,211400,5
353,220005,1
354,220020,3
355,220025,2
356,220030,1
357,220040,5
358,220045,1
359,220050,2
360,220060,1
361,220095,1
362,220115,1
363,220120,4
364,220140,1
365,220150,4
366,220155,1
367,220170,2
368,220190,1
369,220191,1
370,220194,2
371,220200,1
372,220205,1
373,220208,1
374,220213,1
375,220220,5
376,220230,1
377,220245,1
378,220250,2
379,220255,2
380,220260,3
381,220270,2
382,220272,1
383,220273,1
384,220290,1
385,220310,2
386,220323,1
387,220327,1
388,220330,1
389,220340,1
390,220345,2
391,220360,1
392,220370,5
393,220380,1
394,220390,9
395,220410,1
396,220435,1
397,220450,3
398,220470,1
399,220480,1
400,220490,1
401,220500,1
402,220510,1
403,220520,3
404,220525,2
405,220527,1
406,220530,1
407,220540,2
408,220545,1
409,220550,4
410,220553,2
411,220559,1
412,220570,1
413,220580,3
414,220595,1
415,220600,1
416,220610,1
417,220650,2
418,220667,2
419,220670,1
420,220672,1
421,220795,1
422,220695,1
423,220700,5
424,220720,2
425,220730,1
426,220770,11
427,220777,4
428,220780,1
429,220790,5
430,220800,7
431,220820,2
432,220830,3
433,220840,7
434,220850,3
435,220855,1
436,220887,1
437,220890,1
438,220900,2
439,220910,2
440,220915,3
441,220920,1
442,220930,1
443,220970,2
444,220980,2
445,220987,1
446,220990,2
447,220997,1
448,221000,2
449,221010,1
450,221035,1
451,221040,1
452,221060,3
453,221070,1
454,221090,1
455,221097,1
456,221100,58
457,221110,1
458,221120,1
459,221130,5
461,230015,1
462,230020,3
463,230030,2
464,230040,1
465,230050,1
466,230060,1
467,230075,1
468,230090,3
469,230100,5
470,230110,3
471,230120,3
472,230125,1
473,230130,2
474,230150,1
475,230160,1
476,230170,1
477,230185,3
478,230190,5
479,230195,2
480,230200,3
481,230205,1
482,230210,2
483,230220,1
484,230230,1
485,230240,4
486,230250,4
487,230260,5
488,230270,2
489,230280,8
490,230300,1
491,230340,2
492,230350,4
493,230365,1
494,230370,37
495,230390,1
496,230395,2
497,230400,1
498,230410,3
499,230420,8
500,230423,2
501,230426,1
502,230428,6
503,230430,2
504,230435,2
505,230440,133
506,230450,2
507,230465,1
508,230480,1
509,230495,2
510,230500,3
511,230523,3
512,230526,1
513,230530,2
514,230533,1
515,230535,1
516,230540,4
517,230550,4
518,230560,1
519,230570,1
520,230580,4
521,230590,7
522,230600,3
523,230610,4
524,230625,3
525,230630,2
526,230640,9
527,230660,1
528,230690,2
529,230700,1
530,230710,2
531,230725,1
532,230730,14
533,230740,1
534,230760,3
535,230763,2
536,230765,17
537,230770,10
538,230780,2
539,230790,2
540,230800,2
541,230810,3
542,230820,1
543,230830,2
544,230835,2
545,230840,2
546,230850,6
547,230860,2
548,230870,2
549,230900,1
550,230930,5
551,230940,3
552,230945,1
553,230950,2
554,230960,5
555,230970,2
556,230980,1
557,230990,1
558,231010,2
559,231020,3
560,231025,1
561,231030,3
562,231050,4
563,231070,2
564,231085,1
565,231090,2
566,231100,1
567,231110,1
568,231123,1
569,231126,4
570,231130,7
571,231135,1
572,231140,5
573,231160,1
574,231170,1
575,231180,6
576,231220,4
577,231230,3
578,231240,3
579,231250,4
580,231260,1
581,231270,3
582,231290,23
583,231300,2
584,231310,2
585,231320,1
586,231325,2
587,231330,7
588,231335,1
589,231340,7
590,231350,5
591,231355,2
592,231360,2
593,231380,3
594,231395,2
595,231400,3
596,231410,2
597,240020,1
598,240070,1
599,240090,2
600,240100,3
601,240110,2
602,240130,1
603,240145,1
604,240170,1
605,240200,11
606,240230,1
607,240250,1
608,240270,2
609,240380,1
610,240400,2
611,240420,1
612,240440,1
613,240470,1
614,240480,1
615,240500,1
616,240560,2
617,240570,6
618,240580,1
619,240600,3
620,240610,2
621,240630,1
622,240660,1
623,240690,2
624,240710,1
625,240720,1
626,240750,1
627,240770,1
628,240780,1
629,240790,2
630,240800,20
631,240810,22
632,240820,4
633,240830,3
634,240840,2
635,240890,2
636,240325,7
637,240920,1
638,240940,2
639,240950,1
640,240980,1
641,240990,2
642,241025,1
643,241040,1
644,241060,2
645,241100,1
646,241120,2
647,241180,1
648,241200,1
649,241210,1
650,241230,1
651,241240,1
652,241250,5
653,241255,1
654,241260,2
655,241280,1
656,241300,2
657,241030,1
658,241340,1
659,241360,3
660,241450,1
661,250010,1
662,250020,3
663,250030,1
664,250040,1
665,250050,3
666,250090,1
667,250110,2
668,250120,2
669,250130,2
670,250150,2
671,250153,2
672,250160,1
673,250157,1
674,250180,4
675,250190,1
676,250230,1
677,250240,1
678,250250,2
679,250300,2
680,250320,3
681,250330,1
682,250350,1
683,250355,1
684,250370,9
685,250390,2
686,250400,20
687,250410,1
688,250420,1
689,250430,5
690,250440,1
691,250450,1
692,250460,3
693,250480,1
694,250510,1
695,250530,3
696,250540,1
697,250570,1
698,250590,1
699,250600,4
700,250610,1
701,250630,3
702,250650,1
703,250260,1
704,250670,1
705,250690,3
706,250700,3
707,250720,1
708,250730,1
709,250740,1
710,250750,22
711,250830,1
712,250890,2
713,250910,2
714,250915,2
715,250920,1
716,250970,3
717,250990,1
718,251000,1
719,251080,13
720,251090,1
721,251120,3
722,251130,1
723,251140,1
724,251150,1
725,251160,1
726,251180,1
727,251200,3
728,251210,1
729,251230,2
730,251240,1
731,251250,2
732,251310,2
733,251340,1
734,251370,5
735,251380,1
736,251350,1
737,251385,1
738,251390,2
739,251400,1
740,250070,3
741,251410,1
742,251420,1
743,251450,1
744,251460,1
745,251480,1
746,251490,2
747,251540,1
748,251530,2
749,251550,2
750,251590,2
751,251600,2
752,251610,1
753,251620,1
754,251630,1
755,251650,2
756,251660,2
757,251680,1
758,251700,1
759,250550,2
761,260005,2
762,260050,2
763,260090,2
764,260110,2
765,260140,1
766,260160,1
767,260170,4
768,260190,5
769,260200,5
770,260210,3
771,260220,1
772,260250,1
773,260260,2
774,260280,1
775,260290,2
776,260310,1
777,260320,1
778,260330,1
779,260340,2
780,260345,4
781,260350,3
782,260380,1
783,260400,2
784,260410,17
785,260430,2
786,260450,1
787,260460,3
788,260490,1
789,260500,2
790,260510,1
791,260520,3
792,260540,1
793,260570,3
794,260580,1
795,260590,1
796,260600,4
797,260610,1
798,260620,3
799,260630,1
800,260640,2
801,260680,3
802,260690,1
803,260760,1
804,260720,3
805,260730,1
806,260750,3
807,260765,4
808,260770,1
809,260790,13
810,260810,2
811,260830,1
812,260840,2
813,260850,2
814,260860,1
815,260870,2
816,260875,2
817,260880,4
818,260890,3
819,260900,1
820,260915,1
821,260920,1
822,260940,1
823,260960,11
824,260990,2
825,261000,3
826,261010,1
827,261020,1
828,261030,1
829,261050,1
830,261060,3
831,261070,9
832,261080,3
833,261090,2
834,261100,1
835,261110,7
836,261130,1
837,261160,60
838,261170,2
839,261220,1
840,261245,2
841,261247,1
842,261250,1
843,261255,2
844,261300,1
845,261310,2
846,261330,3
847,261340,1
848,261350,3
849,261360,2
850,261380,1
851,261390,3
852,261410,2
853,261450,5
854,261460,1
855,261480,1
856,261530,5
857,261540,1
858,261550,1
859,261560,1
860,261570,1
861,261580,2
862,261618,1
863,261630,1
864,261640,5
866,270010,1
867,270020,1
868,270030,9
869,270040,1
870,270060,1
871,270070,2
872,270100,1
873,270130,1
874,270140,1
875,270150,1
876,270160,1
877,270180,1
878,270200,3
879,270210,1
880,270255,3
881,270260,1
882,270300,1
883,270320,2
884,270330,1
885,270375,1
886,270380,1
887,270410,3
888,270420,1
889,270430,32
890,270440,1
891,270490,1
892,270460,4
893,270500,1
894,270510,1
895,270550,1
896,270630,5
897,270660,1
898,270670,5
899,270680,2
900,270710,1
901,270770,1
902,270800,1
903,270840,3
904,270850,2
905,270860,2
906,270890,1
907,270895,1
908,270900,2
909,270910,1
910,270915,2
911,270920,3
912,270930,1
913,270940,2
914,280010,1
915,280020,1
916,280030,33
917,280060,2
918,280100,1
919,280120,1
920,280130,1
921,280140,2
922,280150,1
923,280170,1
924,280200,1
925,280210,4
926,280230,1
927,280240,1
928,280250,2
929,280260,1
930,280290,6
931,280320,2
932,280350,4
933,280360,3
934,280370,1
935,280390,1
936,280400,1
937,280410,1
938,280430,1
939,280440,1
940,280450,4
941,280480,8
942,280540,1
943,280550,1
944,280560,5
945,280570,2
946,280590,1
947,280600,1
948,280610,2
949,280630,1
950,280660,2
951,280670,5
952,280680,1
953,280700,1
954,280710,5
955,280740,3
956,280760,2
957,290020,2
958,290070,7
959,290080,1
960,290100,1
961,290110,1
962,290130,2
963,290135,1
964,290170,1
965,290190,1
966,290195,1
967,290200,1
968,290210,1
969,290260,1
970,290265,1
971,290270,5
972,290300,1
973,290310,3
974,290323,1
975,290330,1
976,290327,1
977,290350,1
978,290380,2
979,290405,1
980,290420,1
981,290430,1
982,290450,4
983,290460,1
984,290485,2
985,290500,3
986,290515,1
987,290520,4
988,290530,1
989,290540,1
990,290560,2
991,290570,13
992,290580,1
993,290590,1
994,290600,5
995,290620,1
996,290650,3
997,290660,1
998,290670,1
999,290682,2
1000,290687,1
1001,290689,1
1002,290710,2
1003,290720,4
1004,290750,3
1005,290755,1
1006,290760,1
1007,290770,2
1008,290780,6
1009,290800,1
1010,290830,1
1011,290840,1
1012,290850,1
1013,290880,1
1014,290890,2
1015,290930,1
1016,290980,1
1017,290990,1
1018,291005,1
1019,291010,3
1020,291020,1
1021,291040,3
1022,291050,1
1023,291060,2
1024,291070,4
1025,291072,6
1026,291075,1
1027,291080,5
1028,291120,1
1029,291130,1
1030,291160,4
1031,291170,9
1032,291180,1
1033,291220,1
1034,291240,2
1035,291310,1
1036,291350,1
1037,291360,2
1038,291370,3
1039,291390,1
1040,291400,1
1041,291410,2
1042,291420,1
1043,291430,1
1044,291440,1
1045,291460,4
1046,291470,1
1047,291480,5
1048,291490,2
1049,291510,2
1050,291535,3
1051,291560,5
1052,291580,1
1053,291600,1
1054,291640,3
1055,291685,1
1056,291700,4
1057,291733,1
1058,291740,1
1059,291750,3
1060,291760,1
1061,291770,4
1062,291780,2
1063,291800,12
1064,291810,1
1065,291820,1
1066,291830,1
1067,291840,4
1068,291880,1
1069,291920,7
1070,291950,4
1071,292010,3
1072,292045,1
1073,292050,2
1074,292060,1
1075,292070,1
1076,292080,1
1077,292100,2
1078,292105,2
1079,292120,3
1080,292130,1
1081,292140,1
1082,292150,3
1083,292170,2
1084,292190,1
1085,292200,1
1086,292210,1
1087,292230,2
1088,292240,3
1089,292250,1
1090,292265,1
1091,292280,1
1092,292290,1
1093,292300,1
1094,292310,2
1095,292320,1
1096,292340,4
1097,292350,1
1098,292370,1
1099,292400,1
1100,292410,2
1101,292430,2
1102,292440,1
1103,292450,2
1104,292460,1
1105,292470,1
1106,292480,1
1107,292520,1
1108,292525,1
1109,292530,5
1110,292560,2
1111,292600,1
1112,292630,1
1113,292640,1
1114,292660,1
1115,292665,1
1116,292670,2
1117,292690,1
1118,292720,3
1119,292740,73
1120,292750,1
1121,292760,2
1122,292810,1
1123,292840,1
1124,292850,1
1125,292820,2
1126,292860,2
1127,292870,1
1128,292910,3
1129,292920,3
1130,292925,1
1131,292935,1
1132,292937,2
1133,292940,2
1134,292950,1
1135,292990,3
1136,293000,1
1137,293010,3
1138,293040,1
1139,293050,1
1140,293060,1
1141,293070,3
1142,293075,1
1143,293076,1
1144,293080,2
1145,293090,1
1146,293100,1
1147,293105,1
1148,293120,4
1149,293135,5
1150,293170,1
1151,293190,4
1152,293240,4
1153,293245,1
1154,293250,1
1155,293270,1
1156,293280,1
1157,293290,4
1158,293300,2
1159,293305,1
1160,293320,1
1161,293330,19
1162,293350,1
1163,293360,6
1165,310010,1
1166,310020,3
1167,310090,4
1168,310100,1
1169,310120,1
1170,310150,2
1171,310160,3
1172,310190,2
1173,310200,1
1174,315350,1
1175,310210,2
1176,310230,2
1177,310260,4
1178,310280,1
1179,310290,1
1180,310350,6
1181,310360,1
1182,310370,2
1183,310390,1
1184,310400,9
1185,310410,2
1186,310420,4
1187,310430,2
1188,310440,1
1189,310450,2
1190,310460,2
1191,310470,1
1192,310490,4
1193,310500,1
1194,310510,3
1195,310530,1
1196,310540,1
1197,310560,10
1198,310620,143
1199,310630,1
1200,310640,1
1201,310650,1
1202,310670,16
1203,310690,2
1204,310710,3
1205,310730,5
1206,310740,5
1207,310760,2
1208,310770,1
1209,310790,1
1210,310800,1
1211,310820,3
1212,310825,2
1213,310830,2
1214,310840,1
1215,310870,1
1216,310855,2
1217,310860,2
1218,310890,1
1219,310900,1
1220,310910,2
1221,310920,1
1222,310930,2
1223,310940,1
1224,311000,2
1225,311020,1
1226,311030,4
1227,311050,3
1228,311060,2
1229,311100,3
1230,311110,2
1231,311120,5
1232,311160,2
1233,311190,1
1234,311200,2
1235,311220,1
1236,311230,2
1237,311260,3
1238,311280,2
1239,311300,3
1240,311330,1
1241,311340,5
1242,311350,1
1243,311400,1
1244,311420,2
1245,311430,3
1246,311440,1
1247,311450,3
1248,311455,3
1249,311460,2
1250,311480,1
1251,311510,4
1252,311530,4
1253,311545,1
1254,311547,1
1255,311570,1
1256,311580,1
1257,311630,1
1258,311660,4
1259,311670,1
1260,311680,1
1261,311710,1
1262,311520,1
1263,311760,2
1264,311790,1
1265,311800,5
1266,311830,12
1267,311860,41
1268,311880,4
1269,311900,1
1270,311910,1
1271,311920,1
1272,311930,2
1273,311940,6
1274,312015,1
1275,312087,1
1276,312090,7
1277,312130,1
1278,312140,3
1279,312150,1
1280,312160,3
1281,312180,1
1282,312190,1
1283,312200,1
1284,312230,23
1285,312320,2
1286,312330,1
1287,312340,1
1288,312352,1
1289,312360,3
1290,312370,1
1291,312385,1
1292,312400,1
1293,312410,4
1294,312420,1
1295,312430,2
1296,312470,2
1297,312490,2
1298,312510,2
1299,312540,1
1300,312570,1
1301,312590,1
1302,312610,6
1303,312620,1
1304,312670,1
1305,312675,1
1306,312700,1
1307,312710,5
1308,312720,1
1309,312770,17
1310,312780,1
1311,312800,1
1312,312810,2
1313,312830,1
1314,312870,7
1315,312880,1
1316,312900,1
1317,312910,2
1318,312940,1
1319,312950,4
1320,312970,1
1321,312980,12
1322,313000,1
1323,313005,1
1324,313030,1
1325,313050,1
1326,313055,1
1327,313090,1
1328,313100,1
1329,313115,1
1330,313120,2
1331,313130,9
1332,313140,2
1333,313150,1
1334,313160,2
1335,313170,10
1336,313200,2
1337,313220,5
1338,313230,1
1339,313240,4
1340,313270,1
1341,313300,2
1342,313350,10
1343,313360,1
1344,313370,4
1345,313380,14
1346,313410,1
1347,313420,7
1348,313440,2
1349,313450,1
1350,313460,2
1351,313480,3
1352,313490,2
1353,313510,1
1354,313520,5
1355,313530,1
1356,313550,3
1357,313560,2
1358,313570,1
1359,313590,1
1360,313610,1
1361,313620,4
1362,313630,3
1363,313670,31
1364,313690,4
1365,313695,1
1366,313720,5
1367,313740,1
1368,313750,2
1369,313790,1
1370,313820,11
1371,313835,1
1372,313840,3
1373,313850,1
1374,313860,2
1375,313862,2
1376,313865,1
1377,313868,1
1378,313900,3
1379,313910,2
1380,313920,3
1381,313925,1
1382,313940,1
1383,313950,2
1384,313980,1
1385,313970,1
1386,314000,4
1387,314050,4
1388,314070,2
1389,314080,1
1390,314110,4
1391,314120,2
1392,314140,1
1393,314180,1
1394,314200,1
1395,314220,2
1396,314225,2
1397,314240,2
1398,314270,2
1399,314280,1
1400,314290,2
1401,314300,2
1402,314310,1
1403,314320,5
1404,314340,3
1405,314330,12
1406,314345,1
1407,314350,2
1408,314360,1
1409,314380,2
1410,314390,7
1411,314400,1
1412,314420,1
1413,314437,1
1414,314450,1
1415,314460,3
1416,314470,1
1417,314480,3
1418,314505,1
1419,314510,3
1420,314520,6
1421,314530,4
1422,314537,1
1423,314545,2
1424,314560,3
1425,314580,1
1426,314590,4
1427,314600,6
1428,314610,4
1429,314625,1
1430,314630,3
1431,314640,1
1432,314650,1
1433,314675,1
1434,314690,1
1435,314710,12
1436,314700,3
1437,314730,1
1438,314740,1
1439,314760,2
1440,314790,12
1441,314800,16
1442,314810,10
1443,314840,1
1444,314850,1
1445,314860,1
1446,314890,1
1447,314930,2
1448,314980,1
1449,314990,6
1450,314995,1
1451,315030,1
1452,315050,2
1453,315057,1
1454,315080,3
1455,315100,1
1456,315140,2
1457,315150,1
1458,315170,4
1459,315180,12
1460,315190,1
1461,315200,7
1462,315210,3
1463,315220,3
1464,315240,1
1465,315250,5
1466,315280,2
1467,315320,2
1468,315340,2
1469,315400,1
1470,315420,3
1471,315440,1
1472,315445,1
1473,315460,17
1474,315470,1
1475,315490,2
1476,315560,1
1477,315570,1
1478,315580,2
1479,315630,1
1480,315670,5
1481,315680,1
1482,315690,1
1483,315720,1
1484,315725,1
1485,315737,2
1486,315780,6
1487,315790,1
1488,315800,1
1489,315920,2
1490,315940,1
1491,315930,1
1492,315935,1
1493,315960,2
1494,315980,1
1495,315850,2
1496,315870,1
1497,315990,1
1498,316000,1
1499,316010,1
1500,316040,6
1501,316070,2
1502,316150,1
1503,316180,3
1504,316190,1
1505,316200,2
1506,316240,1
1507,316245,1
1508,316250,5
1509,316270,1
1510,316280,1
1511,316290,1
1512,316295,1
1513,316350,1
1514,316370,6
1515,316390,2
1516,316400,1
1517,316430,6
1518,316447,1
1519,316460,1
1520,316470,3
1521,316480,1
1522,316520,1
1523,316500,1
1524,316510,1
1525,316553,1
1526,316557,1
1527,316570,1
1528,316630,1
1529,316680,1
1530,316695,2
1531,316700,1
1532,316720,16
1533,316780,1
1534,316800,2
1535,316810,1
1536,316840,1
1537,316850,1
1538,316860,6
1539,316870,4
1540,316880,1
1541,316900,1
1542,316930,6
1543,316935,3
1544,316940,1
1545,316950,1
1546,316960,1
1547,316970,1
1548,316980,1
1549,316990,9
1550,317005,1
1551,317010,19
1552,317020,39
1553,317040,5
1554,317043,2
1555,317047,2
1556,317052,1
1557,317060,1
1558,317070,10
1559,317075,2
1560,317080,1
1561,317103,1
1562,317107,1
1563,317120,3
1564,317130,4
1565,317170,2
1566,317200,3
1568,320010,4
1569,320016,1
1570,320013,2
1571,320020,1
1572,320030,1
1573,320060,3
1574,320070,3
1575,320080,1
1576,320090,4
1577,320115,1
1578,320120,11
1579,320130,13
1580,320140,3
1581,320150,7
1582,320190,5
1583,320210,3
1584,320225,1
1585,320230,3
1586,320240,3
1587,320250,1
1588,320260,3
1589,320290,1
1590,320300,2
1591,320305,1
1592,320313,1
1593,320320,7
1594,320340,2
1595,320360,1
1596,320390,9
1597,320410,2
1598,320430,1
1599,320435,4
1600,320440,2
1601,320450,1
1602,320455,3
1603,320460,1
1604,320465,1
1605,320470,1
1606,320490,4
1607,320500,20
1608,320503,3
1609,320506,3
1610,320510,2
1611,320515,1
1612,320520,23
1613,320530,18
1615,330010,10
1616,330020,5
1617,330022,1
1618,330023,2
1619,330030,1
1620,330040,6
1621,330045,10
1622,330050,1
1623,330060,4
1624,330070,6
1625,330080,1
1626,330100,21
1627,330110,2
1628,330130,2
1629,330140,1
1630,330160,1
1631,330170,27
1632,330185,1
1633,330190,6
1634,330200,3
1635,330220,2
1636,330225,1
1637,330227,3
1638,330240,9
1639,330250,9
1640,330260,4
1641,330270,6
1642,330280,1
1643,330285,7
1644,330290,1
1645,330310,2
1646,330320,7
1647,330330,22
1648,330340,10
1649,330350,18
1650,330360,2
1651,330370,1
1652,330385,2
1653,330390,18
1654,330395,1
1655,330400,1
1656,330411,1
1657,330414,6
1658,330420,4
1659,330430,1
1660,330450,1
1661,330452,6
1662,330455,199
1663,330470,3
1664,330480,2
1665,330475,1
1666,330490,14
1667,330500,2
1668,330510,12
1669,330513,1
1670,330515,1
1671,330520,1
1672,330530,1
1673,330550,4
1674,330555,3
1675,330560,2
1676,330570,2
1677,330580,4
1678,330590,1
1679,330600,3
1680,330610,5
1681,330615,1
1682,330630,7
1684,350010,3
1685,350020,1
1686,350030,2
1687,350070,6
1688,350080,1
1689,350100,4
1690,350115,1
1691,350140,1
1692,350160,16
1693,350170,2
1694,350180,1
1695,350190,8
1696,350200,2
1697,350210,2
1698,350220,1
1699,350275,2
1700,350280,10
1701,350290,3
1702,350315,1
1703,350320,15
1704,350330,4
1705,350370,4
1706,350380,3
1707,350390,3
1708,350400,6
1709,350410,14
1710,350420,1
1711,350450,12
1712,350520,5
1713,350530,3
1714,350535,2
1715,350550,9
1716,350560,1
1717,350570,10
1718,350580,1
1719,350590,4
1720,350600,29
1721,350610,5
1722,350630,4
1723,350635,6
1724,350640,1
1725,350650,6
1726,350660,2
1727,350670,1
1728,350700,1
1729,350710,2
1730,350715,1
1731,350740,2
1732,350750,11
1733,350760,6
1734,350780,1
1735,350800,2
1736,350810,1
1737,350820,2
1738,350840,3
1739,350850,5
1740,350860,1
1741,350880,3
1742,350900,3
1743,350910,1
1744,350920,1
1745,350940,2
1746,350945,1
1747,350950,64
1748,350960,7
1749,350970,1
1750,351000,2
1751,351020,7
1752,351030,2
1753,351040,1
1754,351050,7
1755,351060,16
1756,351080,3
1757,351090,1
1758,351110,6
1759,351120,2
1760,351140,1
1761,351150,4
1762,351170,1
1763,351200,2
1764,351220,1
1765,351240,1
1766,351260,1
1767,351280,4
1768,351300,15
1769,351310,2
1770,351320,1
1771,351340,7
1772,351350,1
1773,351360,3
1774,351370,3
1775,351380,16
1776,351385,1
1777,351390,1
1778,351410,2
1779,351430,2
1780,351440,2
1781,351490,1
1782,351500,5
1783,351510,2
1784,351515,2
1785,351518,3
1786,355730,2
1787,351540,2
1788,351560,3
1789,351550,4
1790,351570,10
1791,351600,1
1792,351620,20
1793,351630,13
1794,351640,9
1795,351670,6
1796,351690,1
1797,351700,1
1798,351720,1
1799,351740,6
1800,351770,1
1801,351790,1
1802,351800,1
1803,351820,2
1804,351830,2
1805,351840,5
1806,351860,3
1807,351870,13
1808,351880,67
1809,351885,1
1810,351890,1
1811,351900,1
1812,351905,1
1813,351907,13
1814,351920,1
1815,351930,3
1816,351940,2
1817,351960,5
1818,351970,11
1819,352000,1
1820,352030,1
1821,352042,2
1822,352044,1
1823,352040,3
1824,352050,8
1825,352070,2
1826,352090,1
1827,352100,3
1828,352150,1
1829,352170,3
1830,352190,4
1831,352200,1
1832,352210,2
1833,352220,3
1834,352230,14
1835,352240,8
1836,352250,7
1837,352260,6
1838,352265,1
1839,352270,3
1840,352280,1
1841,352310,12
1842,352320,4
1843,352340,3
1844,352350,2
1845,352360,2
1846,352380,2
1847,352390,8
1848,352400,3
1849,352410,4
1850,352430,3
1851,352440,6
1852,352470,7
1853,352480,3
1854,352500,4
1855,352510,2
1856,352520,1
1857,352530,14
1858,352540,2
1859,352550,1
1860,352570,1
1861,352590,17
1862,352600,1
1863,352620,1
1864,352630,1
1865,352640,2
1866,352650,2
1867,352660,1
1868,352670,5
1869,352680,5
1870,352690,14
1871,352700,1
1872,352710,9
1873,352720,3
1874,352730,2
1875,352740,2
1876,352750,1
1877,352790,1
1878,352800,1
1879,352840,8
1880,352850,5
1881,352860,1
1882,352880,2
1883,352890,1
1884,352900,13
1885,352920,1
1886,352930,9
1887,352940,16
1888,352960,1
1889,352970,2
1890,352980,1
1891,352990,1
1892,353010,1
1893,353030,7
1894,353040,1
1895,353050,6
1896,353060,23
1897,353070,12
1898,353080,10
1899,353090,1
1900,353100,1
1901,353110,6
1902,353120,1
1903,353130,3
1904,353150,1
1905,353180,3
1906,353170,1
1907,353200,1
1908,353215,1
1909,353220,1
1910,353230,1
1911,353280,1
1912,353284,1
1913,353286,1
1914,353300,1
1915,353340,2
1916,353350,3
1917,353380,1
1918,353390,3
1919,353430,2
1920,353440,27
1921,353460,3
1922,353470,6
1923,353490,1
1924,353500,1
1925,353520,1
1926,353530,2
1927,353540,1
1928,353550,1
1929,353560,1
1930,353600,1
1931,353610,1
1932,353625,1
1933,353630,1
1934,353640,1
1935,353650,3
1936,353660,1
1937,353670,2
1938,353710,5
1939,353715,2
1940,353730,4
1941,353740,1
1942,353750,1
1943,353760,2
1944,353780,2
1945,353790,2
1946,353800,2
1947,353810,1
1948,353820,1
1949,353860,1
1950,353870,20
1951,353880,5
1952,353890,3
1953,353920,2
1954,353930,4
1955,353950,4
1956,353980,6
1957,353990,1
1958,354000,3
1959,354020,6
1960,354025,1
1961,354060,2
1962,354070,4
1963,354075,2
1964,354080,4
1965,354085,1
1966,354090,1
1967,354100,7
1968,354120,1
1969,354130,2
1970,354140,14
1971,354150,2
1972,354180,1
1973,354210,1
1974,354220,2
1975,354260,3
1976,354330,3
1977,354340,41
1978,354360,1
1979,354370,3
1980,354390,12
1981,354425,1
1982,354490,1
1983,354520,4
1984,354530,2
1985,354540,3
1986,354580,12
1987,354630,1
1988,354650,3
1989,354660,4
1990,354670,1
1991,354680,7
1992,354690,1
1993,354700,1
1994,354740,1
1995,354760,1
1996,354720,1
1997,354730,4
1998,354780,25
1999,354790,2
2000,354800,1
2001,354820,1
2002,354830,1
2003,354850,32
2004,354870,27
2005,354880,11
2006,354890,9
2007,354900,1
2008,354910,10
2009,354970,5
2010,354980,24
2011,354990,21
2012,354995,1
2013,355010,3
2014,355020,1
2015,355030,528
2016,355040,4
2017,355060,2
2018,355070,1
2019,355090,1
2020,355100,16
2021,355120,2
2022,355140,2
2023,355150,3
2024,355170,7
2025,355190,3
2026,355200,1
2027,355210,3
2028,355220,38
2029,355240,23
2030,355250,18
2031,355260,1
2032,355270,1
2033,355280,11
2034,355300,2
2035,355330,1
2036,355350,2
2037,355370,9
2038,355380,1
2039,355395,2
2040,355400,8
2041,355410,13
2042,355420,1
2043,355450,6
2044,355460,3
2045,355480,2
2046,355490,1
2047,355500,2
2048,355510,2
2049,355530,1
2050,355540,4
2051,355560,2
2052,355600,2
2053,355610,2
2054,355620,8
2055,355630,1
2056,355640,3
2057,355645,2
2058,355650,2
2059,355670,3
2060,355680,2
2061,355700,7
2062,355710,2
2064,410010,2
2065,410040,8
2066,410060,3
2067,410050,1
2068,410110,1
2069,410130,1
2070,410140,5
2071,410150,11
2072,410160,1
2073,410170,2
2074,410180,4
2075,410190,2
2076,410200,3
2077,410210,3
2078,410230,2
2079,410240,2
2080,410250,3
2081,410260,2
2082,410280,1
2083,410290,3
2084,410300,1
2085,410304,2
2086,410305,2
2087,410330,1
2088,410335,1
2089,410345,2
2090,410370,2
2091,410390,2
2092,410395,1
2093,410400,1
2094,410420,5
2095,410425,1
2096,410430,8
2097,410442,1
2098,410445,2
2099,410450,2
2100,410460,1
2101,410465,2
2102,410470,5
2103,410480,25
2104,410490,2
2105,410500,1
2106,410510,1
2107,410520,1
2108,410540,1
2109,410550,7
2110,410570,1
2111,410580,9
2112,410590,1
2113,410610,1
2114,410620,1
2115,410630,2
2116,410640,1
2117,410650,1
2118,410680,5
2119,410657,2
2120,410660,1
2121,410690,94
2122,410700,1
2123,410712,1
2124,410720,6
2125,410725,1
2126,410753,1
2127,410752,1
2128,410760,2
2129,410765,8
2130,410773,1
2131,410775,1
2132,410830,13
2133,410840,11
2134,410850,1
2135,410860,5
2136,410865,1
2137,410880,8
2138,410890,1
2139,410895,2
2140,410930,1
2141,410940,15
2142,410960,2
2143,410965,1
2144,410970,3
2145,410980,5
2146,411007,1
2147,411010,3
2148,411020,1
2149,411040,1
2150,411060,2
2151,411070,9
2152,411080,2
2153,411095,2
2154,411110,2
2155,411120,2
2156,411125,2
2157,411130,3
2158,411140,1
2159,411150,3
2160,411155,1
2161,411180,3
2162,411190,1
2163,411250,1
2164,411275,1
2165,411280,1
2166,411310,1
2167,411320,5
2168,411330,2
2169,411342,1
2170,411350,1
2171,411370,30
2172,411375,1
2173,411390,1
2174,411400,1
2175,411410,1
2176,411420,1
2177,411430,1
2178,411440,1
2179,411450,1
2180,411460,8
2181,411470,1
2182,411480,5
2183,411490,2
2184,411520,20
2185,411540,3
2186,411560,1
2187,411570,3
2188,411575,1
2189,411580,5
2190,411585,1
2191,411605,3
2192,411610,1
2193,411620,2
2194,411630,1
2195,411680,1
2196,411690,2
2197,411695,1
2198,411705,1
2199,411725,2
2200,411722,3
2201,411730,1
2202,411750,1
2203,411760,3
2204,411770,3
2205,411780,3
2206,411790,3
2207,411810,1
2208,411820,6
2209,411840,5
2210,411845,2
2211,411850,8
2212,411880,1
2213,411890,1
2214,411900,1
2215,411915,5
2216,411925,1
2217,411920,1
2218,411940,3
2219,411950,6
2220,411960,3
2221,411980,2
2222,411990,17
2223,411995,1
2224,412000,1
2225,412010,1
2226,412015,1
2227,412020,1
2228,412035,1
2229,412060,5
2230,412065,1
2231,412090,4
2232,412120,1
2233,412140,1
2234,412150,1
2235,412170,3
2236,412175,1
2237,412190,2
2238,412215,1
2239,412217,1
2240,412220,2
2241,412230,2
2242,412240,2
2243,412260,1
2244,412280,1
2245,412300,5
2246,412340,1
2247,412350,2
2248,412380,3
2249,412390,1
2250,412402,1
2251,412405,3
2252,412410,3
2253,412470,1
2254,412480,2
2255,412510,2
2256,412520,2
2257,412535,1
2258,412550,6
2259,412560,2
2260,412570,1
2261,412575,2
2262,412620,1
2263,412625,6
2264,412660,2
2265,412667,1
2266,412670,1
2267,412680,1
2268,412710,4
2269,412740,3
2270,412750,2
2271,412760,1
2272,412770,17
2273,412785,1
2274,412788,1
2275,412800,3
2276,412810,5
2277,412820,4
2278,412853,2
2279,412865,1
2280,412870,1
2282,420040,1
2283,420060,1
2284,420070,1
2285,420080,1
2286,420090,1
2287,420120,1
2288,420125,1
2289,420127,1
2290,420130,1
2291,420140,5
2292,420150,2
2293,420180,2
2294,420205,2
2295,420200,9
2296,420207,2
2297,421280,2
2298,422000,0
2299,420208,1
2300,420210,3
2301,420220,3
2302,420230,2
2303,420240,36
2304,420243,1
2305,420253,1
2306,420257,1
2307,420260,2
2308,420245,5
2309,420270,1
2310,420280,7
2311,420290,13
2312,420300,9
2313,420320,4
2314,420330,4
2315,420350,1
2316,420360,3
2317,420380,4
2318,420325,1
2319,420390,2
2320,420395,3
2321,420400,4
2322,420410,1
2323,420419,1
2324,420420,13
2325,420425,3
2326,420430,8
2327,420435,1
2328,420440,2
2329,420445,1
2330,420450,4
2331,420460,19
2332,420470,4
2333,420480,7
2334,420490,1
2335,420500,1
2336,420517,1
2337,420530,1
2338,420540,21
2339,420545,3
2340,420550,2
2341,420570,2
2342,420590,8
2343,420610,2
2344,420620,1
2345,420630,4
2346,420640,2
2347,420650,1
2348,420670,2
2349,420690,3
2350,420700,2
2351,420720,2
2352,420730,2
2353,420740,1
2354,420750,7
2355,420760,4
2356,420770,1
2357,420780,1
2358,420785,1
2359,420800,1
2360,420810,2
2361,420820,9
2362,420830,8
2363,420840,1
2364,420845,3
2365,420850,4
2366,420860,1
2367,420870,1
2368,420880,1
2369,420890,12
2370,420900,2
2371,420910,28
2372,420915,3
2373,420930,15
2374,420940,4
2375,420950,4
2376,420960,4
2377,420985,1
2378,420990,2
2379,421003,2
2380,421005,1
2381,421010,6
2382,421030,2
2383,421050,7
2384,421090,1
2385,421100,2
2386,421105,1
2387,421120,1
2388,421130,5
2389,421150,4
2390,421160,3
2391,421170,4
2392,421175,2
2393,421180,1
2394,421190,10
2395,421210,2
2396,421220,1
2397,421225,2
2398,421240,1
2399,421250,2
2400,421265,0
2401,421270,1
2402,421290,3
2403,421320,5
2404,421330,1
2405,421340,1
2406,421350,6
2407,421360,8
2408,421370,5
2409,421380,2
2410,421390,1
2411,421400,2
2412,421415,3
2413,421420,1
2414,421440,3
2415,421480,6
2416,421470,1
2417,421490,1
2418,421500,1
2419,421510,3
2420,421520,1
2421,421530,1
2422,421540,1
2423,421545,1
2424,421550,4
2425,421560,1
2426,421565,1
2427,421568,1
2428,421570,1
2429,421580,3
2430,421600,1
2431,421605,1
2432,421610,2
2433,421620,2
2434,421630,3
2435,421640,1
2436,421650,7
2437,421660,9
2438,421670,2
2439,421680,1
2440,421690,5
2441,421700,3
2442,421715,2
2443,421720,9
2444,421730,3
2445,421740,1
2446,421750,2
2447,421760,1
2448,421770,4
2449,421780,4
2450,421790,1
2451,421795,1
2452,421800,3
2453,421820,7
2454,421825,3
2455,421850,2
2456,421860,2
2457,421870,5
2458,421880,1
2459,421885,1
2460,421890,2
2461,421895,1
2462,421900,2
2463,421917,1
2464,421930,5
2465,421935,1
2466,421940,1
2467,421950,3
2468,421960,1
2469,421970,2
2470,421985,1
2472,430003,1
2473,430020,1
2474,430030,1
2475,430040,6
2476,430047,3
2477,430050,3
2478,430055,1
2479,430060,14
2480,430063,2
2481,430064,3
2482,430066,1
2483,430070,2
2484,430080,1
2485,430087,1
2486,430100,9
2487,430105,1
2488,430120,6
2489,430110,2
2490,430130,2
2491,430160,13
2492,430163,1
2493,430170,1
2494,430185,1
2495,430187,1
2496,430190,2
2497,430180,1
2498,430200,3
2499,430210,15
2500,430220,1
2501,430222,1
2502,430230,1
2503,430235,1
2504,430237,1
2505,430240,1
2506,430245,1
2507,430250,3
2508,430265,1
2509,430270,1
2510,430280,14
2511,430300,11
2512,430310,10
2513,430320,2
2514,430340,1
2515,430350,4
2516,430370,1
2517,430380,1
2518,430390,3
2519,430400,1
2520,430420,3
2521,430430,3
2522,430435,1
2523,430440,4
2524,430450,4
2525,430460,23
2526,430462,1
2527,430463,4
2528,430465,2
2529,430466,2
2530,430468,1
2531,430469,1
2532,430471,1
2533,430470,2
2534,430490,1
2535,430495,1
2536,430500,1
2537,430510,40
2538,430513,2
2539,430515,1
2540,430520,2
2541,430530,1
2542,430535,1
2543,430543,3
2544,430545,1
2545,430550,2
2546,430558,1
2547,430580,3
2548,430585,2
2549,430587,1
2550,430595,1
2551,430597,1
2552,430600,4
2553,430607,1
2554,430610,7
2555,430620,2
2556,430630,1
2557,430632,1
2558,430637,1
2559,430640,3
2560,430650,4
2561,430660,10
2562,430673,2
2563,430680,1
2564,430690,5
2565,430693,3
2566,430700,8
2567,430720,1
2568,430745,1
2569,430750,3
2570,430760,7
2571,430770,8
2572,430780,6
2573,430783,3
2574,430790,5
2575,430805,1
2576,430807,1
2577,430810,2
2578,430820,4
2579,430840,1
2580,430843,2
2581,430850,1
2582,430860,3
2583,430870,3
2584,430880,2
2585,430890,1
2586,430900,4
2587,430905,2
2588,430910,2
2589,430912,1
2590,430915,1
2591,430920,16
2592,430930,3
2593,430940,2
2594,430950,2
2595,430955,2
2596,430710,1
2597,430960,3
2598,430980,1
2599,430990,3
2600,431000,2
2601,431010,3
2602,431020,8
2603,431033,6
2604,431036,2
2605,431043,2
2606,431050,3
2607,431060,4
2608,431070,1
2609,431080,3
2610,431100,6
2611,431110,1
2612,431115,1
2613,431120,4
2614,431130,3
2615,431125,3
2616,431140,9
2617,431160,2
2618,431162,3
2619,431171,2
2620,431170,1
2621,431173,1
2622,431175,1
2623,431177,1
2624,431179,1
2625,431180,1
2626,431190,1
2627,431198,1
2628,431205,2
2629,431210,1
2630,431215,3
2631,431225,3
2632,431240,7
2633,431247,1
2634,431262,2
2635,431265,3
2636,431267,1
2637,431300,1
2638,431306,2
2639,431320,5
2640,431330,2
2641,431337,2
2642,431339,1
2643,431340,8
2644,431342,2
2645,431346,1
2646,431350,11
2647,431365,2
2648,431370,2
2649,431380,1
2650,431390,5
2651,431395,2
2652,431402,1
2653,431405,6
2654,431407,1
2655,431410,35
2656,431415,1
2657,431417,1
2658,431420,1
2659,431440,22
2660,431442,1
2661,431449,1
2662,431460,3
2663,431470,2
2664,431475,1
2665,431477,1
2666,431480,2
2667,431490,98
2668,431500,2
2669,431514,1
2670,431515,1
2671,431517,1
2672,431530,1
2673,431535,2
2674,431540,3
2675,431550,4
2676,431555,1
2677,431560,18
2678,431570,2
2679,431575,1
2680,431580,1
2681,431590,1
2682,431600,1
2683,431610,2
2684,431620,1
2685,431640,7
2686,431643,1
2687,431645,3
2688,431650,2
2689,431660,1
2690,431710,5
2691,431670,4
2692,431675,2
2693,431680,11
2694,431690,33
2695,431695,1
2696,431720,10
2697,431725,1
2698,431730,8
2699,431700,1
2700,431740,8
2701,431750,8
2702,431760,3
2703,431790,1
2704,431795,1
2705,431800,10
2706,431805,1
2707,431810,1
2708,431820,2
2709,431830,10
2710,431840,2
2711,431846,1
2712,431849,1
2713,431850,3
2714,431860,1
2715,431870,19
2716,431880,8
2717,431890,1
2718,431900,4
2719,431912,1
2720,431915,1
2721,431930,2
2722,431935,1
2723,431936,1
2724,431940,4
2725,431960,3
2726,431971,1
2727,431975,1
2728,431980,1
2729,431990,10
2730,432000,6
2731,432010,2
2732,432040,5
2733,432045,1
2734,432050,1
2735,432055,1
2736,432067,2
2737,432070,1
2738,432080,5
2739,432085,1
2740,432090,5
2741,432100,2
2742,432110,2
2743,432120,6
2744,432130,1
2745,432135,1
2746,432143,3
2747,432145,4
2748,432147,1
2749,432150,6
2750,432160,7
2751,432162,2
2752,432166,1
2753,432170,4
2754,432180,6
2755,432190,4
2756,432195,1
2757,432200,1
2758,432215,3
2759,432220,3
2760,432225,1
2761,432230,3
2762,432235,1
2763,432240,6
2764,432250,3
2765,432253,1
2766,432260,15
2767,432270,4
2768,432280,1
2769,432300,20
2770,432330,1
2771,432340,2
2772,432350,1
2773,432375,1
2774,500060,17
2775,500070,4
2776,500085,1
2777,500090,1
2778,500100,4
2779,500110,10
2780,500124,2
2781,500150,1
2782,500190,1
2783,500200,3
2784,500210,3
2785,500220,2
2786,500230,2
2787,500240,2
2788,500260,6
2789,500270,49
2790,500315,5
2791,500320,5
2792,500330,4
2793,500345,1
2794,500348,1
2795,500350,1
2796,500370,19
2797,500375,2
2798,500380,2
2799,500400,1
2800,500410,1
2801,500450,1
2802,500460,2
2803,500470,3
2804,500480,3
2805,500490,2
2806,500500,5
2807,500510,1
2808,500515,1
2809,500520,2
2810,500525,3
2811,500540,3
2812,500568,1
2813,500580,3
2814,500625,1
2815,500630,6
2816,500635,4
2817,500660,8
2818,500690,1
2819,500720,2
2820,500730,1
2821,500740,3
2822,500780,2
2823,500770,2
2824,500790,1
2825,500793,1
2826,500795,4
2827,500830,13
2828,500840,1
2829,510020,3
2830,510025,4
2831,510050,1
2832,510060,1
2833,510125,1
2834,510140,1
2835,510170,1
2836,510180,7
2837,510185,1
2838,510190,2
2839,510250,7
2840,510270,2
2841,510285,1
2842,510310,3
2843,510320,1
2844,510325,2
2845,510337,2
2846,510340,22
2847,510345,1
2848,510360,1
2849,510380,1
2850,510420,1
2851,510455,1
2852,510460,1
2853,510490,1
2854,510515,2
2855,510523,1
2856,510525,1
2857,510560,1
2858,510562,1
2859,510622,1
2860,510623,1
2861,510624,1
2862,510625,2
2863,510628,1
2864,510630,1
2865,510637,1
2866,510642,4
2867,510650,2
2868,510675,4
2869,510682,1
2870,510700,3
2871,510704,2
2872,510706,3
2873,510760,8
2874,510770,1
2875,510780,1
2876,510730,2
2877,510790,5
2878,510792,4
2879,510794,1
2880,510795,2
2881,510830,1
2882,510840,12
2883,510850,2
2884,510860,3
2886,520005,1
2887,520010,2
2888,520017,1
2889,520025,4
2890,520030,1
2891,520080,2
2892,520090,1
2893,520110,16
2894,520130,3
2895,520140,35
2896,520160,1
2897,520170,1
2898,520180,1
2899,520310,1
2900,520330,3
2901,520340,1
2902,520350,2
2903,520355,1
2904,520380,1
2905,520400,1
2906,520420,1
2907,520425,1
2908,520440,3
2909,520450,5
2910,520465,1
2911,520480,1
2912,520490,2
2913,520510,4
2914,520549,3
2915,520551,3
2916,520580,1
2917,520590,2
2918,520620,4
2919,520640,2
2920,520650,1
2921,520670,2
2922,520735,3
2923,520740,2
2924,520760,1
2925,520790,1
2926,520800,9
2927,520840,1
2928,520860,9
2929,520870,88
2930,520880,1
2931,520890,1
2932,520910,2
2933,520920,2
2934,520995,1
2935,521000,6
2936,521010,2
2937,521020,2
2938,521040,2
2939,521056,1
2940,521060,1
2941,521100,2
2942,521130,1
2943,521140,2
2944,521150,7
2945,521160,1
2946,521170,1
2947,521180,2
2948,521190,7
2949,521220,1
2950,521230,1
2951,521250,7
2952,521270,1
2953,521308,2
2954,521310,4
2955,521350,1
2956,521370,1
2957,521375,3
2958,521377,1
2959,521380,2
2960,521390,1
2961,521400,4
2962,521405,1
2963,521460,3
2964,521483,2
2965,521490,2
2966,521520,1
2967,521523,7
2968,521530,2
2969,521570,2
2970,521580,1
2971,521680,2
2972,521710,2
2973,521730,3
2974,521740,3
2975,521760,7
2976,521770,2
2977,521800,5
2978,521830,2
2979,521850,2
2980,521860,1
2981,521878,1
2982,521880,12
2983,521890,4
2984,521900,1
2985,521910,2
2986,521925,1
2987,521930,2
2988,521935,1
2989,521970,1
2990,521971,1
2991,521973,1
2992,521975,2
2993,522010,6
2994,522026,1
2995,522040,2
2996,522045,8
2997,522060,4
2998,522100,1
2999,522140,14
3000,522155,1
3001,522160,6
3002,522185,7
3003,522190,1
3004,522205,1
3006,530010,130
