,MUNCOD,Total
0,110001,2
1,110037,3
2,110040,1
3,110002,2
4,110045,2
5,110003,1
6,110004,6
7,110080,1
8,110090,1
9,110008,2
10,110009,2
11,110010,3
12,110012,10
13,110013,6
14,110130,1
15,110140,1
16,110015,4
17,110018,3
18,110020,21
19,110028,6
20,110148,1
21,110032,2
22,110150,1
23,110170,1
24,110030,2
25,120020,7
26,120039,1
27,120040,20
28,120050,1
29,120060,2
30,130006,1
31,130010,1
32,130020,1
33,130030,1
34,130040,2
35,130060,3
36,130070,1
37,130080,1
38,130100,1
39,130115,1
40,130120,2
41,130140,1
42,130180,1
43,130185,1
44,130190,1
45,130195,1
46,130240,1
47,130250,3
48,130255,1
49,130260,68
50,130290,2
51,130340,5
52,130353,2
53,130356,2
54,130360,9
55,130370,1
56,130380,10
57,130390,3
58,130406,19
59,130410,1
60,130420,5
61,140005,2
62,140002,2
63,140010,20
64,140017,4
65,140020,1
66,140023,1
67,140030,1
68,140047,1
69,150010,4
70,150030,2
71,150034,1
72,150040,1
73,150050,2
74,150060,5
75,150080,8
76,150085,1
77,150095,1
78,150130,3
79,150140,23
80,150150,3
81,150157,1
82,150180,1
83,150200,1
84,150210,5
85,150220,1
86,150230,1
87,150240,5
88,150250,1
89,150270,2
90,150277,2
91,150290,1
92,150293,1
93,150309,2
94,150320,1
95,150345,1
96,150350,1
97,150360,7
98,150370,1
99,150380,1
100,150405,1
101,150420,14
102,150442,4
103,150445,1
104,150470,1
105,150495,1
106,150497,1
107,150503,2
108,150530,1
109,150548,2
110,150549,1
111,150550,1
112,150553,11
113,150570,1
114,150580,2
115,150600,1
116,150613,4
117,150616,1
118,150618,3
119,150619,1
120,150620,1
121,150630,1
122,150640,1
123,150650,3
124,150658,1
125,150670,2
126,150680,11
127,150700,1
128,150715,3
129,150720,1
130,150730,5
131,150745,1
132,150747,1
133,150760,3
134,150795,3
135,150797,1
136,150810,5
137,160030,16
138,160050,2
139,160060,7
140,160080,1
141,170035,1
142,170040,1
143,170070,2
144,170200,1
145,170210,5
146,170215,1
147,170220,5
148,170255,1
149,170386,1
150,170389,1
151,170510,1
152,170460,1
153,170550,3
154,171670,3
155,170600,3
156,170700,1
157,170740,1
158,170820,2
159,170830,2
160,170930,1
161,170950,8
162,171190,1
163,171250,1
164,171320,2
165,171330,2
166,171420,1
167,171430,1
168,171488,1
169,171525,1
170,172100,9
171,171610,1
172,171750,1
173,171780,1
174,171820,6
175,171845,1
176,171855,1
177,172065,1
178,172120,1
179,172130,1
180,172210,1
181,210005,5
182,210060,2
183,210095,1
184,210120,8
185,210125,1
186,210140,3
187,210150,1
188,210160,6
189,210170,1
190,210173,1
191,210193,1
192,210203,1
193,210207,1
194,210230,1
195,210232,1
196,210270,1
197,210280,1
198,210300,2
199,210320,2
200,210330,2
201,210340,2
202,210350,3
203,210355,2
204,210360,2
205,210380,1
206,210390,2
207,210405,2
208,210460,1
209,210480,1
210,210520,1
211,210530,12
212,210540,3
213,210542,1
214,210560,2
215,210570,1
216,210594,1
217,210592,1
218,210598,1
219,210670,1
220,210675,1
221,210740,1
222,210750,2
223,210770,1
224,210780,2
225,210820,2
226,210830,1
227,210840,1
228,210850,1
229,210860,5
230,210880,1
231,210890,1
232,210910,1
233,210960,1
234,210990,2
235,211000,1
236,211010,1
237,211020,1
238,211085,1
239,211090,1
240,211120,2
241,211130,30
242,211150,1
243,211176,1
244,211190,1
245,211200,1
246,211220,5
247,211250,1
248,211260,1
249,211280,1
250,211300,1
251,211400,1
252,220005,1
253,220020,1
254,220030,1
255,220040,2
256,220060,1
257,220070,1
258,220090,2
259,220095,1
260,220110,2
261,220120,3
262,220140,1
263,220150,2
264,220160,4
265,220173,1
266,220190,2
267,220202,1
268,220205,2
269,220220,1
270,220230,5
271,220240,1
272,220245,1
273,220253,1
274,220260,2
275,220270,3
276,220290,2
277,220310,2
278,220320,1
279,220330,2
280,220345,1
281,220370,3
282,220375,1
283,220430,2
284,220435,2
285,220450,1
286,220455,1
287,220470,4
288,220480,1
289,220510,2
290,220520,2
291,220530,1
292,220540,1
293,220550,2
294,220556,1
295,220560,1
296,220580,1
297,220585,1
298,220610,1
299,220620,1
300,220635,1
301,220650,1
302,220660,1
303,220672,1
304,220680,1
305,220695,1
306,220700,7
307,220730,1
308,220735,1
309,220750,1
310,220770,6
311,220775,2
312,220777,1
313,220780,1
314,220790,2
315,220800,9
316,220810,1
317,220820,3
318,220840,4
319,220850,1
320,220860,1
321,220865,1
322,220870,2
323,220880,1
324,220885,1
325,220890,1
326,220900,2
327,220910,2
328,220920,1
329,220935,1
330,220940,1
331,220950,1
332,220970,2
333,220975,1
334,220980,1
335,220990,1
336,220995,1
337,221020,1
338,221030,1
339,221040,2
340,221060,2
341,221070,1
342,221080,1
343,221100,44
344,221110,2
345,221120,3
346,221130,1
347,221135,1
348,221140,1
349,221170,1
350,230015,1
351,230020,6
352,230030,4
353,230050,2
354,230060,1
355,230100,6
356,230110,4
357,230120,1
358,230125,2
359,230130,2
360,230140,3
361,230150,1
362,230170,4
363,230185,1
364,230190,1
365,230195,1
366,230205,2
367,230220,5
368,230230,1
369,230240,6
370,230250,3
371,230260,6
372,230270,2
373,230280,10
374,230300,2
375,230310,1
376,230320,1
377,230330,1
378,230340,2
379,230350,3
380,230370,15
381,230380,2
382,230395,2
383,230400,2
384,230410,3
385,230420,5
386,230425,1
387,230428,1
388,230430,2
389,230435,1
390,230440,123
391,230450,2
392,230470,5
393,230495,4
394,230520,2
395,230526,1
396,230530,1
397,230540,4
398,230550,3
399,230560,2
400,230565,2
401,230580,6
402,230590,1
403,230600,2
404,230610,2
405,230630,4
406,230640,9
407,230670,1
408,230680,1
409,230690,3
410,230700,3
411,230720,1
412,230725,1
413,230730,2
414,230740,4
415,230750,1
416,230760,4
417,230763,1
418,230765,17
419,230770,6
420,230780,4
421,230810,4
422,230830,2
423,230835,2
424,230837,1
425,230840,1
426,230850,6
427,230860,3
428,230870,2
429,230910,3
430,230920,1
431,230940,4
432,230950,2
433,230960,5
434,230970,6
435,231000,1
436,231020,2
437,231025,1
438,231030,3
439,231040,3
440,231050,2
441,231070,4
442,231080,1
443,231085,1
444,231090,2
445,231100,3
446,231110,1
447,231126,4
448,231130,7
449,231135,4
450,231140,3
451,231150,2
452,231160,3
453,231170,2
454,231180,1
455,231195,2
456,231220,3
457,231200,1
458,231210,2
459,231230,5
460,231240,2
461,231260,2
462,231270,2
463,231290,15
464,231310,3
465,231320,2
466,231325,1
467,231330,4
468,231340,8
469,231350,2
470,231355,1
471,231360,4
472,231375,1
473,231395,2
474,231410,6
475,240020,4
476,240060,1
477,240100,5
478,240110,3
479,240145,1
480,240165,2
481,240170,1
482,240180,1
483,240200,3
484,240210,1
485,240230,3
486,240240,2
487,240260,2
488,240300,1
489,240310,1
490,240320,2
491,240340,1
492,240370,1
493,240380,1
494,240420,2
495,240450,1
496,240470,2
497,240490,1
498,240500,1
499,240570,1
500,240600,1
501,240610,4
502,240650,2
503,240660,1
504,240690,1
505,240700,1
506,240710,1
507,240720,2
508,240740,1
509,240750,1
510,240770,1
511,240800,24
512,240810,21
513,240830,1
514,240840,1
515,240850,1
516,240860,1
517,240870,1
518,240880,1
519,240325,2
520,240940,1
521,241020,1
522,241070,1
523,241080,1
524,241100,2
525,241120,1
526,240933,1
527,241140,2
528,241180,1
529,241200,4
530,241210,2
531,241250,4
532,241300,1
533,241330,1
534,241355,1
535,241360,1
536,241400,2
537,241410,1
538,241440,2
539,241490,1
540,250030,3
541,250060,2
542,250080,1
543,250100,2
544,250110,1
545,250120,1
546,250130,1
547,250170,1
548,250180,2
549,250190,1
550,250200,1
551,250210,1
552,250230,1
553,250240,1
554,250250,1
555,250280,1
556,250300,1
557,250320,1
558,250350,1
559,250355,2
560,250360,1
561,250370,3
562,250390,2
563,250400,17
564,250415,1
565,250430,1
566,250490,1
567,250510,2
568,250523,1
569,250560,1
570,250570,1
571,250600,6
572,250610,1
573,250630,2
574,250260,1
575,250680,1
576,250700,2
577,250710,1
578,250720,1
579,250750,22
580,251365,1
581,250820,1
582,250830,3
583,250860,1
584,250880,2
585,250890,2
586,250920,4
587,250930,1
588,250939,1
589,251010,1
590,251080,5
591,251100,1
592,251120,2
593,251130,1
594,251140,1
595,251190,3
596,251200,1
597,251220,1
598,251230,1
599,251250,3
600,251270,1
601,251330,1
602,251340,2
603,251370,3
604,251360,1
605,251390,3
606,251400,1
607,251410,1
608,251420,1
609,251440,2
610,251450,2
611,251470,1
612,251500,1
613,251530,2
614,251550,1
615,251620,5
616,251650,1
617,251660,1
618,251670,1
619,251700,1
620,251710,1
621,251720,1
622,250550,2
623,260005,4
624,260010,1
625,260020,2
626,260030,2
627,260040,1
628,260050,1
629,260060,1
630,260080,3
631,260090,1
632,260110,12
633,260120,1
634,260140,2
635,260150,1
636,260160,1
637,260170,3
638,260190,2
639,260200,2
640,260210,2
641,260220,1
642,260230,2
643,260240,3
644,260260,1
645,260270,1
646,260280,1
647,260290,4
648,260300,5
649,260320,1
650,260340,3
651,260345,2
652,260350,2
653,260370,2
654,260380,1
655,260390,1
656,260400,5
657,260410,15
658,260420,2
659,260450,3
660,260460,1
661,260470,1
662,260490,1
663,260510,3
664,260540,1
665,260550,2
666,260560,1
667,260570,3
668,260590,2
669,260600,8
670,260610,1
671,260620,2
672,260630,1
673,260640,3
674,260650,1
675,260670,1
676,260720,5
677,260730,2
678,260740,1
679,260750,4
680,260765,4
681,260775,1
682,260790,15
683,260850,1
684,260870,1
685,260875,2
686,260890,2
687,260900,2
688,260910,1
689,260920,1
690,260930,1
691,260960,7
692,260970,3
693,260980,1
694,260990,1
695,261000,1
696,261010,1
697,261020,1
698,261030,1
699,261040,1
700,261070,8
701,261090,3
702,261100,3
703,261110,16
704,261120,1
705,261130,1
706,261140,2
707,261160,44
708,261170,1
709,261220,1
710,261230,1
711,261245,4
712,261247,1
713,261250,3
714,261255,2
715,261260,2
716,261270,1
717,261290,1
718,261310,1
719,261350,2
720,261360,2
721,261370,2
722,261390,6
723,261400,1
724,261410,1
725,261440,2
726,261450,3
727,261500,2
728,261520,2
729,261530,3
730,261540,1
731,261550,1
732,261560,2
733,261570,3
734,261580,1
735,261600,1
736,261640,6
737,261650,1
739,270030,7
740,270040,1
741,270120,1
742,270140,1
743,270160,1
744,270180,1
745,270190,1
746,270230,1
747,270255,2
748,270290,2
749,270310,1
750,270380,1
751,270390,1
752,270400,1
753,270410,1
754,270430,35
755,270440,1
756,270460,1
757,270470,2
758,270480,1
759,270500,1
760,270510,1
761,270520,1
762,270530,1
763,270570,1
764,270590,1
765,270600,1
766,270630,3
767,270650,1
768,270670,2
769,270680,2
770,270690,4
771,270720,2
772,270730,3
773,270760,1
774,270770,3
775,270800,3
776,270830,2
777,270840,1
778,270850,1
779,270860,1
780,270880,2
781,270895,1
782,270900,1
783,270910,3
784,270930,4
785,270940,1
786,280020,1
787,280030,24
788,280040,1
789,280050,1
790,280060,1
791,280067,1
792,280120,2
793,280130,3
794,280140,3
795,280150,1
796,280160,1
797,280190,1
798,280200,1
799,280210,2
800,280260,1
801,280270,1
802,280290,9
803,280300,2
804,280320,1
805,280330,2
806,280340,1
807,280350,10
808,280360,2
809,280370,1
810,280380,1
811,280410,1
812,280430,1
813,280440,1
814,280450,4
815,280480,4
816,280490,1
817,280510,2
818,280540,1
819,280550,3
820,280580,1
821,280610,1
822,280670,4
823,280680,1
824,280700,1
825,280710,1
826,280720,2
827,280740,4
828,280750,1
829,280760,1
831,290030,1
832,290070,6
833,290090,1
834,290170,1
835,290190,1
836,290200,1
837,290225,1
838,290230,1
839,290280,1
840,290290,4
841,290300,2
842,290320,1
843,290350,1
844,290370,1
845,290380,2
846,290390,1
847,290400,1
848,290405,1
849,290430,1
850,290450,1
851,290460,5
852,290470,2
853,290490,1
854,290520,5
855,290530,1
856,290560,1
857,290570,3
858,290600,1
859,290620,1
860,290650,1
861,290660,3
862,290690,1
863,290700,1
864,290720,1
865,290730,3
866,290750,2
867,290790,1
868,290800,2
869,290830,3
870,290840,1
871,290900,1
872,290920,1
873,290930,1
874,290950,1
875,290960,2
876,290980,5
877,290990,2
878,291000,1
879,291040,2
880,291050,1
881,291072,2
882,291080,21
883,291130,2
884,291170,8
885,291180,1
886,291210,1
887,291230,1
888,291240,1
889,291250,1
890,291280,1
891,291300,1
892,291310,4
893,291330,1
894,291360,6
895,291390,2
896,291400,3
897,291430,2
898,291450,1
899,291460,3
900,291465,1
901,291470,4
902,291480,6
903,291510,1
904,291520,1
905,291550,1
906,291560,1
907,291570,1
908,291580,1
909,291640,4
910,291650,2
911,291690,1
912,291700,1
913,291710,1
914,291750,2
915,291760,3
916,291780,1
917,291800,8
918,291810,1
919,291830,1
920,291835,1
921,291840,12
922,291850,2
923,291855,1
924,291860,1
925,291875,1
926,291890,1
927,291915,2
928,291930,1
929,291950,2
930,291960,1
931,291980,3
932,291995,2
933,292010,1
934,292040,2
935,292050,2
936,292090,1
937,292100,1
938,292105,1
939,292145,1
940,292160,1
941,292200,1
942,292225,1
943,292270,2
944,292275,1
945,292300,1
946,292310,3
947,292335,1
948,292380,2
949,292390,1
950,292400,7
951,292410,1
952,292420,1
953,292430,1
954,292500,1
955,292510,1
956,292520,3
957,292530,7
958,292550,1
959,292560,3
960,292570,1
961,292575,2
962,292580,1
963,292595,2
964,292600,2
965,292640,1
966,292660,3
967,292670,2
968,292680,1
969,292700,1
970,292740,10
971,292750,1
972,292760,2
973,292770,2
974,292810,1
975,292800,2
976,292830,1
977,292860,2
978,292870,2
979,292880,3
980,292895,1
981,292940,1
982,292960,1
983,292970,1
984,292990,5
985,293010,5
986,293015,1
987,293030,1
988,293050,1
989,293070,2
990,293076,2
991,293077,1
992,293100,2
993,293105,1
994,293135,4
995,293140,1
996,293150,3
997,293170,1
998,293190,1
999,293210,1
1000,293220,3
1001,293240,2
1002,293260,2
1003,293280,1
1004,293290,4
1005,293325,1
1006,293330,13
1007,293350,1
1008,293360,1
1010,310020,3
1011,310110,1
1012,310150,2
1013,310160,5
1014,310170,1
1015,310190,2
1016,310200,2
1017,310205,1
1018,315350,1
1019,310210,3
1020,310230,1
1021,310260,7
1022,310280,4
1023,310290,1
1024,310330,1
1025,310340,3
1026,310350,12
1027,310390,1
1028,310400,5
1029,310420,2
1030,310430,1
1031,310450,3
1032,310460,2
1033,310490,1
1034,310500,1
1035,310510,4
1036,310540,2
1037,310560,9
1038,310620,130
1039,310650,2
1040,310670,11
1041,310680,1
1042,310690,1
1043,310710,6
1044,310720,1
1045,310730,5
1046,310740,5
1047,310750,2
1048,310780,1
1049,310790,1
1050,310820,1
1051,310840,1
1052,310850,1
1053,310855,4
1054,310860,1
1055,310890,1
1056,310900,1
1057,310920,2
1058,310925,1
1059,310930,4
1060,310940,2
1061,310945,2
1062,310950,2
1063,311000,1
1064,311030,3
1065,311060,1
1066,311070,1
1067,311090,1
1068,311100,1
1069,311110,4
1070,311120,5
1071,311130,3
1072,311150,1
1073,311160,4
1074,311190,2
1075,311180,1
1076,311220,1
1077,311240,2
1078,311260,1
1079,311300,3
1080,311330,2
1081,311340,7
1082,311360,2
1083,311400,1
1084,311420,3
1085,311430,3
1086,311440,2
1087,311450,4
1088,311460,1
1089,311510,1
1090,311530,3
1091,311545,1
1092,311550,1
1093,311570,1
1094,311580,1
1095,311600,2
1096,311660,2
1097,311670,1
1098,311750,1
1099,311770,3
1100,311780,1
1101,311787,1
1102,311790,2
1103,311800,3
1104,311830,3
1105,311860,30
1106,311870,1
1107,311880,1
1108,311900,1
1109,311910,2
1110,311930,3
1111,311940,2
1112,311970,1
1113,311995,1
1114,312020,3
1115,312087,1
1116,312090,7
1117,312100,1
1118,312110,1
1119,312125,1
1120,312140,1
1121,312150,1
1122,312160,6
1123,312190,1
1124,312200,2
1125,312230,17
1126,312240,1
1127,312247,1
1128,312320,2
1129,312360,4
1130,312400,2
1131,312410,1
1132,312420,1
1133,312430,3
1134,312480,2
1135,312510,2
1136,312540,2
1137,312610,6
1138,312650,1
1139,312670,2
1140,312680,1
1141,312707,2
1142,312710,11
1143,312733,1
1144,312760,1
1145,312770,6
1146,312800,1
1147,312810,2
1148,312820,1
1149,312830,4
1150,312840,1
1151,312870,8
1152,312890,3
1153,312920,1
1154,312950,5
1155,312965,1
1156,312970,1
1157,312980,5
1158,313020,1
1159,313050,2
1160,313060,1
1161,313070,1
1162,313080,1
1163,313110,1
1164,313120,1
1165,313130,7
1166,313170,5
1167,313210,1
1168,313220,5
1169,313230,2
1170,313240,2
1171,313260,1
1172,313300,3
1173,313340,2
1174,313350,1
1175,313380,7
1176,313420,10
1177,313440,3
1178,313470,1
1179,313490,1
1180,313505,2
1181,313520,1
1182,313530,1
1183,313560,1
1184,313590,2
1185,313620,2
1186,313630,4
1187,313665,1
1188,313670,24
1189,313700,1
1190,313710,1
1191,313720,5
1192,313740,1
1193,313750,1
1194,313753,4
1195,313800,1
1196,313810,1
1197,313820,5
1198,313860,2
1199,313880,1
1200,313900,2
1201,313910,2
1202,313920,1
1203,313925,3
1204,313930,1
1205,313940,6
1206,313950,1
1207,314000,4
1208,314015,1
1209,314050,3
1210,314053,1
1211,314070,3
1212,314080,2
1213,314110,1
1214,314120,2
1215,314130,1
1216,314160,1
1217,314180,3
1218,314210,1
1219,314220,2
1220,314240,1
1221,314250,1
1222,314290,1
1223,314300,1
1224,314310,3
1225,314340,2
1226,314330,20
1227,314350,1
1228,314390,2
1229,314400,1
1230,314410,1
1231,314460,3
1232,314480,3
1233,314510,2
1234,314520,5
1235,314530,1
1236,314535,1
1237,314560,5
1238,314585,1
1239,314590,2
1240,314600,4
1241,314610,4
1242,314620,1
1243,314640,1
1244,314670,1
1245,314710,3
1246,314700,3
1247,314720,1
1248,314730,2
1249,314760,2
1250,314790,7
1251,314795,1
1252,314800,21
1253,314810,7
1254,314840,2
1255,314870,1
1256,314880,1
1257,314890,1
1258,314910,3
1259,314930,4
1260,314940,1
1261,314970,2
1262,314990,2
1263,314995,2
1264,315020,1
1265,315030,1
1266,315050,2
1267,315060,1
1268,315080,1
1269,315100,1
1270,315120,3
1271,315130,1
1272,315140,2
1273,315150,6
1274,315170,3
1275,315180,13
1276,315200,2
1277,315210,2
1278,315220,4
1279,315250,7
1280,315260,1
1281,315300,1
1282,315310,1
1283,315330,2
1284,315340,1
1285,315360,2
1286,315370,1
1287,315400,2
1288,315445,3
1289,315460,9
1290,315530,1
1291,315540,3
1292,315550,4
1293,315560,1
1294,315600,2
1295,315610,1
1296,315670,2
1297,315680,1
1298,315690,3
1299,315700,4
1300,315720,3
1301,315725,1
1302,315733,1
1303,315780,7
1304,315960,2
1305,315970,1
1306,315980,2
1307,315830,2
1308,315840,1
1309,315880,1
1310,315895,1
1311,315990,1
1312,316000,1
1313,316040,4
1314,316045,3
1315,316070,2
1316,316080,1
1317,316170,1
1318,316210,1
1319,316250,6
1320,316255,3
1321,316260,1
1322,316280,1
1323,316290,1
1324,316292,2
1325,316330,1
1326,316350,1
1327,316370,1
1328,316400,1
1329,316420,1
1330,316430,1
1331,316450,1
1332,316470,8
1333,316510,1
1334,316530,2
1335,316540,2
1336,316553,1
1337,316570,1
1338,316600,1
1339,316660,1
1340,316695,3
1341,316720,5
1342,316760,1
1343,316840,1
1344,316860,3
1345,316870,1
1346,316890,1
1347,316900,1
1348,316910,2
1349,316930,7
1350,316940,8
1351,316970,2
1352,316990,6
1353,317000,2
1354,317010,18
1355,317020,24
1356,317040,8
1357,317047,1
1358,317050,1
1359,317070,10
1360,317075,1
1361,317080,7
1362,317100,1
1363,317103,1
1364,317120,6
1365,317130,5
1366,317180,1
1367,317190,1
1368,317200,2
1370,320020,3
1371,320050,2
1372,320060,3
1373,320080,1
1374,320090,1
1375,320100,1
1376,320115,1
1377,320120,4
1378,320130,12
1379,320140,4
1380,320150,7
1381,320160,1
1382,320190,3
1383,320210,1
1384,320220,1
1385,320240,2
1386,320245,2
1387,320270,1
1388,320280,2
1389,320290,2
1390,320300,1
1391,320305,2
1392,320316,1
1393,320320,6
1394,320334,2
1395,320335,1
1396,320340,2
1397,320350,1
1398,320370,2
1399,320390,4
1400,320400,1
1401,320450,2
1402,320455,3
1403,320480,2
1404,320490,3
1405,320495,3
1406,320500,14
1407,320501,1
1408,320503,1
1409,320506,4
1410,320510,3
1411,320515,1
1412,320517,1
1413,320520,15
1414,320530,20
1415,330010,5
1416,330020,4
1417,330022,1
1418,330030,2
1419,330040,1
1420,330050,4
1421,330060,1
1422,330070,1
1423,330080,2
1424,330090,1
1425,330100,13
1426,330110,1
1427,330093,1
1428,330130,1
1429,330095,1
1430,330150,1
1431,330170,12
1432,330190,5
1433,330200,2
1434,330210,3
1435,330220,1
1436,330240,7
1437,330250,7
1438,330260,1
1439,330270,1
1440,330280,2
1441,330285,4
1442,330320,1
1443,330330,5
1444,330340,4
1445,330350,10
1446,330360,1
1447,330370,1
1448,330385,4
1449,330390,8
1450,330400,1
1451,330411,1
1452,330414,2
1453,330420,2
1454,330430,1
1455,330440,1
1456,330452,2
1457,330455,146
1458,330470,3
1459,330480,3
1460,330475,1
1461,330490,11
1462,330500,2
1463,330510,1
1464,330515,2
1465,330550,2
1466,330560,1
1467,330580,2
1468,330600,5
1469,330610,2
1470,330630,5
1472,350010,2
1473,350030,3
1474,350050,2
1475,350080,2
1476,350130,2
1477,350160,10
1478,350170,2
1479,350180,2
1480,350190,9
1481,350210,2
1482,350220,2
1483,350230,1
1484,350250,3
1485,350270,1
1486,350275,1
1487,350280,4
1488,350290,3
1489,350320,12
1490,350330,11
1491,350340,1
1492,350370,1
1493,350380,3
1494,350390,1
1495,350400,6
1496,350410,8
1497,350440,4
1498,350450,6
1499,350460,1
1500,350480,1
1501,350510,1
1502,350520,2
1503,350530,6
1504,350550,3
1505,350560,2
1506,350570,9
1507,350580,2
1508,350590,3
1509,350600,19
1510,350610,1
1511,350630,1
1512,350650,4
1513,350670,1
1514,350700,1
1515,350740,2
1516,350750,22
1517,350760,10
1518,350790,2
1519,350800,1
1520,350810,2
1521,350820,1
1522,350850,4
1523,350870,3
1524,350890,1
1525,350900,1
1526,350920,4
1527,350930,2
1528,350940,2
1529,350945,1
1530,350950,40
1531,350960,4
1532,350970,1
1533,350980,1
1534,350990,2
1535,350995,1
1536,351000,3
1537,351020,1
1538,351030,4
1539,351040,3
1540,351050,2
1541,351060,16
1542,351080,5
1543,351100,1
1544,351110,7
1545,351150,1
1546,351160,2
1547,351170,1
1548,351230,1
1549,351280,1
1550,351300,9
1551,351340,5
1552,351350,7
1553,351370,1
1554,351380,18
1555,351390,1
1556,351410,3
1557,351430,1
1558,351440,2
1559,351450,1
1560,351470,1
1561,351490,1
1562,351500,5
1563,351510,1
1564,351515,1
1565,351518,3
1566,351520,1
1567,351550,2
1568,351570,4
1569,351600,1
1570,351610,2
1571,351620,11
1572,351630,6
1573,351640,7
1574,351670,1
1575,351685,1
1576,351690,1
1577,351720,1
1578,351730,1
1579,351740,1
1580,351760,4
1581,351770,3
1582,351780,1
1583,351820,1
1584,351830,1
1585,351840,7
1586,351870,12
1587,351880,39
1588,351905,1
1589,351907,11
1590,351920,1
1591,351925,1
1592,351930,1
1593,351940,1
1594,351960,5
1595,351970,3
1596,351990,1
1597,352000,3
1598,352010,1
1599,352030,3
1600,352050,6
1601,352060,1
1602,352100,2
1603,352120,2
1604,352150,1
1605,352170,3
1606,352180,3
1607,352190,1
1608,352210,2
1609,352220,4
1610,352230,11
1611,352240,7
1612,352250,7
1613,352260,8
1614,352270,7
1615,352300,1
1616,352310,11
1617,352320,3
1618,352340,2
1619,352360,1
1620,352370,1
1621,352380,2
1622,352390,9
1623,352400,3
1624,352410,2
1625,352420,1
1626,352430,9
1627,352440,9
1628,352470,1
1629,352480,3
1630,352500,1
1631,352510,1
1632,352530,6
1633,352550,1
1634,352570,1
1635,352590,7
1636,352600,2
1637,352640,5
1638,352670,8
1639,352680,5
1640,352690,10
1641,352700,2
1642,352710,3
1643,352720,5
1644,352740,1
1645,352760,1
1646,352770,1
1647,352840,3
1648,352860,1
1649,352900,9
1650,352920,3
1651,352930,3
1652,352940,17
1653,352970,3
1654,352980,1
1655,353000,1
1656,352990,3
1657,353030,1
1658,353050,8
1659,353060,24
1660,353070,7
1661,353080,7
1662,353120,1
1663,353130,3
1664,353150,5
1665,353180,2
1666,353190,2
1667,353200,1
1668,353205,1
1669,353210,1
1670,353240,2
1671,353260,1
1672,353280,1
1673,353282,1
1674,353290,2
1675,353340,2
1676,353350,3
1677,353360,1
1678,353380,1
1679,353390,1
1680,353430,4
1681,353440,31
1682,353460,1
1683,353470,2
1684,353490,1
1685,353500,1
1686,353510,1
1687,353540,1
1688,353550,5
1689,353580,1
1690,353600,1
1691,353640,1
1692,353650,3
1693,353670,3
1694,353680,1
1695,353700,1
1696,353710,8
1697,353720,1
1698,353730,3
1699,353740,2
1700,353750,2
1701,353760,3
1702,353780,5
1703,353790,1
1704,353800,8
1705,353810,1
1706,353820,2
1707,353850,1
1708,353870,25
1709,353890,5
1710,353930,5
1711,353980,4
1712,353990,1
1713,354020,2
1714,354050,2
1715,354060,2
1716,354070,2
1717,354080,1
1718,354100,25
1719,354120,1
1720,354130,5
1721,354140,15
1722,354150,7
1723,354165,1
1724,354170,1
1725,354220,4
1726,354230,1
1727,354250,1
1728,354260,1
1729,354290,3
1730,354300,1
1731,354330,5
1732,354340,31
1733,354380,1
1734,354390,20
1735,354400,2
1736,354410,1
1737,354480,1
1738,354500,1
1739,354520,10
1740,354530,3
1741,354560,1
1742,354570,1
1743,354580,4
1744,354600,2
1745,354630,5
1746,354640,2
1747,354650,1
1748,354690,1
1749,354700,1
1750,354750,2
1751,354760,1
1752,354730,1
1753,354780,14
1754,354805,1
1755,354830,1
1756,354850,23
1757,354870,20
1758,354880,2
1759,354890,15
1760,354910,5
1761,354940,1
1762,354970,4
1763,354980,18
1764,354990,17
1765,355010,2
1766,355020,4
1767,355030,517
1768,355040,1
1769,355060,8
1770,355070,6
1771,355080,1
1772,355100,20
1773,355110,2
1774,355140,1
1775,355160,2
1776,355170,7
1777,355180,1
1778,355200,1
1779,355210,3
1780,355220,28
1781,355230,1
1782,355240,9
1783,355250,12
1784,355260,1
1785,355270,4
1786,355280,6
1787,355310,2
1788,355330,5
1789,355340,1
1790,355370,5
1791,355400,14
1792,355410,7
1793,355430,2
1794,355450,4
1795,355460,1
1796,355465,1
1797,355470,3
1798,355480,2
1799,355500,10
1800,355510,2
1801,355540,3
1802,355620,5
1803,355645,3
1804,355650,3
1805,355700,5
1806,355710,4
1808,410040,8
1809,410060,1
1810,410050,2
1811,410100,1
1812,410110,1
1813,410140,10
1814,410150,8
1815,410160,1
1816,410170,3
1817,410180,4
1818,410185,1
1819,410200,4
1820,410210,2
1821,410230,1
1822,410250,2
1823,410270,1
1824,410260,6
1825,410290,1
1826,410302,1
1827,410304,1
1828,410305,1
1829,410310,2
1830,410315,2
1831,410350,1
1832,410370,5
1833,410390,1
1834,410410,1
1835,410420,7
1836,410425,3
1837,410430,9
1838,410442,1
1839,410445,4
1840,410450,2
1841,410460,1
1842,410465,2
1843,410480,10
1844,410490,4
1845,410500,1
1846,410510,1
1847,410530,2
1848,410540,1
1849,410550,1
1850,410570,1
1851,410580,8
1852,410590,1
1853,410600,1
1854,410640,2
1855,410680,5
1856,410670,1
1857,410690,74
1858,410700,2
1859,410720,3
1860,410725,1
1861,410750,1
1862,410753,1
1863,410755,1
1864,410760,3
1865,410765,4
1866,410775,1
1867,410780,1
1868,410790,2
1869,410800,1
1870,410820,1
1871,410830,14
1872,410840,11
1873,410870,3
1874,410880,3
1875,410895,1
1876,410920,1
1877,410930,3
1878,410940,8
1879,410950,1
1880,410960,2
1881,410980,1
1882,410990,1
1883,411007,2
1884,411010,2
1885,411020,1
1886,411030,1
1887,411040,1
1888,411050,2
1889,411070,2
1890,411080,1
1891,411090,1
1892,411100,1
1893,411110,1
1894,411120,2
1895,411125,2
1896,411140,2
1897,411150,4
1898,411155,1
1899,411170,1
1900,411180,3
1901,411190,1
1902,411200,2
1903,411210,2
1904,411230,1
1905,411240,1
1906,411250,2
1907,411270,2
1908,411275,1
1909,411280,2
1910,411300,2
1911,411320,5
1912,411325,1
1913,411330,3
1914,411350,4
1915,411370,18
1916,411390,1
1917,411420,1
1918,411440,2
1919,411460,3
1920,411470,2
1921,411480,4
1922,411490,2
1923,411520,23
1924,411540,2
1925,411560,1
1926,411570,1
1927,411575,1
1928,411605,1
1929,411610,3
1930,411620,1
1931,411670,2
1932,411690,1
1933,411695,2
1934,411700,1
1935,411705,1
1936,411710,1
1937,411720,1
1938,411725,1
1939,411721,1
1940,411722,1
1941,411727,1
1942,411730,2
1943,411760,3
1944,411770,2
1945,411780,1
1946,411790,4
1947,411800,2
1948,411820,8
1949,411840,7
1950,411845,1
1951,411850,5
1952,411860,1
1953,411880,1
1954,411890,2
1955,411900,2
1956,411910,1
1957,411915,4
1958,411920,2
1959,411930,2
1960,411940,2
1961,411950,3
1962,411960,4
1963,411980,1
1964,411990,21
1965,411995,2
1966,412000,1
1967,412030,1
1968,412035,1
1969,412050,1
1970,412060,8
1971,412065,1
1972,412070,1
1973,412080,2
1974,412090,3
1975,412120,2
1976,412140,3
1977,412150,2
1978,412170,4
1979,412175,1
1980,412180,1
1981,412190,1
1982,412200,1
1983,412220,3
1984,412230,3
1985,412240,5
1986,412290,1
1987,412300,1
1988,412330,3
1989,412340,1
1990,412350,2
1991,412370,1
1992,412380,1
1993,412382,2
1994,412402,1
1995,412405,2
1996,412400,1
1997,412410,3
1998,412440,1
1999,412480,1
2000,412490,1
2001,412500,2
2002,412520,1
2003,412550,10
2004,412560,5
2005,412570,3
2006,412580,2
2007,412600,1
2008,412625,4
2009,412627,2
2010,412640,2
2011,412650,2
2012,412660,3
2013,412700,1
2014,412710,6
2015,412720,2
2016,412740,3
2017,412750,1
2018,412770,7
2019,412810,5
2020,412820,5
2021,412855,2
2022,412860,1
2023,412870,1
2024,412850,2
2026,420020,2
2027,420050,2
2028,420070,1
2029,420080,2
2030,420090,1
2031,420100,3
2032,420110,1
2033,420125,3
2034,420127,1
2035,420130,2
2036,420140,9
2037,420150,1
2038,420160,1
2039,420170,1
2040,420195,4
2041,420200,10
2042,420207,1
2043,421280,1
2044,420210,2
2045,420230,2
2046,420240,26
2047,420260,3
2048,420280,2
2049,420290,7
2050,420300,9
2051,420310,3
2052,420315,2
2053,420320,5
2054,420330,1
2055,420360,3
2056,420380,6
2057,420325,1
2058,420390,1
2059,420410,1
2060,420415,1
2061,420420,13
2062,420430,14
2063,420435,1
2064,420440,2
2065,420455,1
2066,420450,2
2067,420460,11
2068,420470,1
2069,420475,1
2070,420480,3
2071,420490,1
2072,420500,5
2073,420535,1
2074,420540,22
2075,420545,4
2076,420550,4
2077,420580,1
2078,420590,11
2079,420630,1
2080,420640,1
2081,420650,4
2082,420660,2
2083,420670,3
2084,420690,1
2085,420700,5
2086,420720,1
2087,420730,2
2088,420740,1
2089,420750,5
2090,420760,2
2091,420770,2
2092,420780,1
2093,420810,1
2094,420820,15
2095,420830,6
2096,420850,1
2097,420880,2
2098,420890,7
2099,420900,1
2100,420910,24
2101,420915,2
2102,420917,1
2103,420920,1
2104,420930,14
2105,420940,2
2106,420960,1
2107,420985,2
2108,420990,3
2109,421000,2
2110,421010,1
2111,421040,2
2112,421050,4
2113,421055,1
2114,421100,2
2115,421120,1
2116,421125,3
2117,421130,2
2118,421145,1
2119,421160,2
2120,421170,4
2121,421180,1
2122,421187,1
2123,421190,9
2124,421200,1
2125,421210,5
2126,421240,1
2127,421260,2
2128,421315,1
2129,421320,5
2130,421340,1
2131,421350,1
2132,421360,4
2133,421370,4
2134,421380,1
2135,421400,1
2136,421410,1
2137,421415,1
2138,421460,2
2139,421480,7
2140,421490,2
2141,421500,5
2142,421507,1
2143,421530,1
2144,421567,1
2145,421568,2
2146,421569,1
2147,421580,8
2148,421575,1
2149,421590,2
2150,421600,3
2151,421605,1
2152,421620,4
2153,421630,2
2154,421625,3
2155,421650,4
2156,421660,12
2157,421670,1
2158,421690,2
2159,421700,1
2160,421720,4
2161,421725,1
2162,421730,3
2163,421740,1
2164,421750,6
2165,421760,1
2166,421770,1
2167,421780,2
2168,421800,4
2169,421810,2
2170,421820,4
2171,421825,1
2172,421830,2
2173,421840,1
2174,421860,1
2175,421870,6
2176,421875,1
2177,421880,2
2178,421890,2
2179,421900,4
2180,421917,2
2181,421930,1
2182,421960,2
2183,421970,1
2184,430010,6
2185,430030,2
2186,430040,3
2187,430045,1
2188,430050,1
2189,430057,1
2190,430060,7
2191,430063,2
2192,430064,1
2193,430085,1
2194,430090,2
2195,430100,3
2196,430120,2
2197,430130,2
2198,430140,4
2199,430150,1
2200,430160,7
2201,430163,1
2202,430165,1
2203,430170,2
2204,430180,1
2205,430200,3
2206,430210,12
2207,430220,2
2208,430225,2
2209,430235,1
2210,430237,1
2211,430250,2
2212,430258,1
2213,430260,4
2214,430270,3
2215,430280,1
2216,430290,2
2217,430300,14
2218,430310,14
2219,430320,1
2220,430330,1
2221,430350,8
2222,430360,2
2223,430367,1
2224,430370,1
2225,430390,5
2226,430410,2
2227,430420,4
2228,430430,3
2229,430440,3
2230,430450,9
2231,430460,23
2232,430462,1
2233,430463,5
2234,430466,1
2235,430468,1
2236,430470,3
2237,430480,1
2238,430485,1
2239,430490,2
2240,430500,1
2241,430510,35
2242,430512,2
2243,430513,1
2244,430517,1
2245,430520,4
2246,430543,1
2247,430545,2
2248,430570,1
2249,430580,2
2250,430600,7
2251,430605,2
2252,430607,4
2253,430610,7
2254,430613,2
2255,430620,1
2256,430630,3
2257,430635,1
2258,430637,1
2259,430645,3
2260,430650,3
2261,430660,3
2262,430673,2
2263,430676,2
2264,430680,2
2265,430690,8
2266,430693,1
2267,430700,10
2268,430720,1
2269,430745,1
2270,430750,1
2271,430755,1
2272,430760,3
2273,430770,4
2274,430780,3
2275,430790,5
2276,430807,1
2277,430820,3
2278,430825,1
2279,430830,2
2280,430840,1
2281,430850,3
2282,430860,7
2283,430865,3
2284,430870,1
2285,430890,6
2286,430900,3
2287,430905,1
2288,430910,3
2289,430920,13
2290,430930,7
2291,430940,5
2292,430950,3
2293,430955,1
2294,430710,2
2295,430960,4
2296,430965,2
2297,430970,1
2298,431000,1
2299,431010,4
2300,431020,6
2301,431033,1
2302,431040,2
2303,431043,1
2304,431050,2
2305,431053,1
2306,431057,1
2307,431060,2
2308,431065,1
2309,431080,1
2310,431090,2
2311,431100,3
2312,431112,1
2313,431115,2
2314,431120,3
2315,431130,4
2316,431125,1
2317,431140,14
2318,431150,1
2319,431171,2
2320,431170,2
2321,431180,5
2322,431190,1
2323,431198,1
2324,431210,1
2325,431215,1
2326,431225,2
2327,431230,1
2328,431237,1
2329,431240,7
2330,431242,1
2331,431250,2
2332,431265,1
2333,431270,1
2334,431295,2
2335,431301,2
2336,431306,1
2337,431310,1
2338,431320,2
2339,431335,2
2340,431340,30
2341,431350,2
2342,431370,3
2343,431390,3
2344,431395,3
2345,431400,1
2346,431402,2
2347,431405,6
2348,431407,2
2349,431410,19
2350,431413,1
2351,431415,1
2352,431420,1
2353,431440,25
2354,431442,1
2355,431445,1
2356,431446,1
2357,431449,1
2358,431450,4
2359,431470,5
2360,431477,2
2361,431480,3
2362,431490,94
2363,431510,1
2364,431515,1
2365,431520,1
2366,431530,4
2367,431531,1
2368,431550,1
2369,431555,3
2370,431560,18
2371,431570,5
2372,431580,4
2373,431600,2
2374,431610,1
2375,431630,1
2376,431640,5
2377,431642,1
2378,431650,2
2379,431660,1
2380,431710,14
2381,431670,1
2382,431680,16
2383,431690,24
2384,431720,8
2385,431730,4
2386,431740,7
2387,431750,13
2388,431760,7
2389,431770,2
2390,431775,2
2391,431780,4
2392,431790,5
2393,431795,1
2394,431800,8
2395,431805,1
2396,431810,2
2397,431820,2
2398,431830,8
2399,431840,2
2400,431842,1
2401,431848,1
2402,431850,1
2403,431860,1
2404,431862,1
2405,431870,16
2406,431880,6
2407,431890,8
2408,431900,2
2409,431910,1
2410,431912,1
2411,431930,1
2412,431935,1
2413,431937,1
2414,431940,5
2415,431950,1
2416,431960,5
2417,431970,1
2418,431975,1
2419,431980,2
2420,431990,10
2421,432000,13
2422,432010,4
2423,432020,4
2424,432023,2
2425,432026,1
2426,432030,1
2427,432035,1
2428,432045,3
2429,432050,1
2430,432055,1
2431,432067,3
2432,432070,3
2433,432080,7
2434,432085,2
2435,432090,2
2436,432100,1
2437,432110,1
2438,432120,3
2439,432130,8
2440,432140,1
2441,432143,2
2442,432145,6
2443,432147,1
2444,432149,1
2445,432150,5
2446,432160,7
2447,432166,2
2448,432170,2
2449,432180,6
2450,432185,1
2451,432190,6
2452,432195,1
2453,432200,1
2454,432210,2
2455,432220,6
2456,432230,1
2457,432232,1
2458,432240,5
2459,432250,4
2460,432253,5
2461,432260,12
2462,432270,1
2463,432280,2
2464,432290,1
2465,432300,14
2466,432320,1
2467,432360,1
2468,432370,1
2469,432375,1
2470,432377,1
2471,432380,1
2472,500020,1
2473,500025,1
2474,500060,8
2475,500070,1
2476,500080,2
2477,500085,2
2478,500090,1
2479,500100,5
2480,500110,3
2481,500150,2
2482,500190,1
2483,500200,1
2484,500210,3
2485,500215,1
2486,500220,1
2487,500230,1
2488,500240,5
2489,500270,32
2490,500280,3
2491,500290,4
2492,500295,1
2493,500315,6
2494,500320,6
2495,500325,2
2496,500330,7
2497,500345,1
2498,500348,1
2499,500370,15
2500,500375,2
2501,500380,2
2502,500400,2
2503,500430,1
2504,500440,1
2505,500460,1
2506,500470,2
2507,500480,5
2508,500490,1
2509,500500,2
2510,500515,1
2511,500520,1
2512,500525,1
2513,500540,2
2514,500560,1
2515,500570,4
2516,500620,2
2517,500625,1
2518,500630,14
2519,500635,7
2520,500640,1
2521,500660,8
2522,500690,1
2523,500710,3
2524,500720,6
2525,500740,2
2526,500769,1
2527,500770,2
2528,500790,1
2529,500795,3
2530,500830,7
2531,510020,3
2532,510025,4
2533,510030,1
2534,510040,3
2535,510060,1
2536,510130,2
2537,510140,1
2538,510160,1
2539,510170,3
2540,510180,6
2541,510185,2
2542,510190,1
2543,510250,7
2544,510267,3
2545,510268,1
2546,510270,3
2547,510285,1
2548,510300,1
2549,510305,1
2550,510325,4
2551,510330,5
2552,510335,1
2553,510337,1
2554,510340,25
2555,510350,1
2556,510360,1
2557,510370,1
2558,510385,2
2559,510410,1
2560,510420,1
2561,510460,1
2562,510500,2
2563,510515,2
2564,510525,2
2565,510562,1
2566,510590,1
2567,510600,2
2568,510615,2
2569,510618,1
2570,510890,1
2571,510895,1
2572,510622,2
2573,510624,4
2574,510625,3
2575,510628,1
2576,510630,1
2577,510642,1
2578,510650,3
2579,510665,1
2580,510675,3
2581,510677,1
2582,510682,1
2583,510700,2
2584,510704,7
2585,510715,1
2586,510718,2
2587,510757,1
2588,510760,10
2589,510770,2
2590,510724,1
2591,510777,2
2592,510785,1
2593,510710,2
2594,510787,3
2595,510790,11
2596,510792,2
2597,510795,7
2598,510840,9
2599,510860,2
2600,520010,2
2601,520013,1
2602,520025,3
2603,520050,1
2604,520082,1
2605,520090,1
2606,520110,16
2607,520130,4
2608,520140,16
2609,520150,1
2610,520170,2
2611,520235,1
2612,520250,1
2613,520330,1
2614,520350,1
2615,520355,1
2616,520390,1
2617,520410,2
2618,520420,2
2619,520440,1
2620,520450,7
2621,520495,1
2622,520510,1
2623,520540,2
2624,520549,2
2625,520551,1
2626,520590,1
2627,520640,1
2628,520660,1
2629,520690,1
2630,520725,1
2631,520753,1
2632,520760,1
2633,520780,1
2634,520790,1
2635,520800,8
2636,520840,1
2637,520850,1
2638,520860,2
2639,520870,72
2640,520890,4
2641,520910,3
2642,520970,3
2643,520993,1
2644,521000,5
2645,521010,5
2646,521015,1
2647,521020,2
2648,521040,1
2649,521060,2
2650,521130,1
2651,521140,1
2652,521150,3
2653,521180,2
2654,521190,7
2655,521210,1
2656,521220,3
2657,521230,1
2658,521250,9
2659,521300,3
2660,521310,2
2661,521375,1
2662,521380,4
2663,521390,1
2664,521400,2
2665,521460,3
2666,521520,1
2667,521523,1
2668,521530,2
2669,521580,1
2670,521630,2
2671,521640,2
2672,521710,5
2673,521730,1
2674,521740,3
2675,521770,1
2676,521800,2
2677,521850,1
2678,521860,1
2679,521880,12
2680,521890,5
2681,521930,1
2682,521935,1
2683,521940,1
2684,521950,1
2685,521973,1
2686,522010,4
2687,522020,1
2688,522040,1
2689,522045,1
2690,522060,2
2691,522119,1
2692,522140,3
2693,522157,1
2694,522160,4
2695,522180,1
2696,522185,2
2697,522230,1
2699,530010,129
