,MUNCOD,Total
0,110001,2
1,110037,2
2,110040,1
3,110034,1
4,110002,4
5,110045,1
6,110004,2
7,110080,2
8,110005,2
9,110006,1
10,110007,2
11,110008,4
12,110009,2
13,110010,1
14,110110,2
15,110011,1
16,110013,2
17,110140,1
18,110014,3
19,110143,1
20,110015,2
21,110018,3
22,110020,31
23,110025,1
24,110028,3
25,110032,1
26,110150,1
27,110030,2
29,120020,2
30,120025,1
31,120038,1
32,120080,2
33,120040,28
34,120045,1
35,120060,6
36,130006,1
37,130008,1
38,130014,1
39,130030,1
40,130040,1
41,130060,6
42,130070,1
43,130080,1
44,130130,2
45,130140,2
46,130150,3
47,130170,1
48,130190,1
49,130200,1
50,130210,4
51,130240,1
52,130250,1
53,130260,87
54,130310,1
55,130340,2
56,130356,2
57,130360,1
58,130370,1
59,130380,16
60,130390,2
61,130406,16
62,130420,4
63,130430,1
64,140005,1
65,140010,19
66,140015,2
67,140017,4
68,140020,2
69,140028,2
70,140040,1
71,140045,2
72,140047,1
73,150010,3
74,150013,1
75,150040,1
76,150050,2
77,150060,4
78,150070,1
79,150080,11
80,150100,1
81,150130,1
82,150140,39
83,150150,2
84,150157,1
85,150170,1
86,150175,1
87,150178,2
88,150180,2
89,150200,1
90,150210,5
91,150230,3
92,150240,5
93,150276,2
94,150277,2
95,150290,1
96,150293,1
97,150295,2
98,150304,2
99,150310,1
100,150320,1
101,150340,2
102,150345,1
103,150360,8
104,150370,1
105,150380,1
106,150420,7
107,150442,1
108,150470,4
109,150480,3
110,150495,1
111,150506,3
112,150520,1
113,150530,2
114,150543,1
115,150549,2
116,150550,1
117,150553,4
118,150580,2
119,150600,1
120,150610,1
121,150616,3
122,150618,2
123,150619,1
124,150635,1
125,150650,1
126,150655,1
127,150660,2
128,150670,2
129,150680,2
130,150700,2
131,150710,2
132,150720,2
133,150730,6
134,150740,1
135,150745,1
136,150795,2
137,150800,1
138,150808,1
139,150810,4
140,150820,2
141,150840,2
143,160010,2
144,160020,2
145,160027,1
146,160030,19
147,160050,2
148,160060,4
149,170035,2
150,170200,2
151,170210,10
152,170255,1
153,170270,1
154,170310,1
155,170384,1
156,170386,1
157,170388,1
158,170550,2
159,171670,1
160,170610,1
161,170650,1
162,170700,3
163,170720,1
164,170765,2
165,170820,2
166,170930,2
167,170950,5
168,171050,1
169,171070,2
170,171200,1
171,171270,1
172,171330,1
173,171420,1
174,171500,1
175,171515,1
176,171525,1
177,172100,14
178,171380,1
179,171610,3
180,171620,1
181,171700,1
182,171750,2
183,171790,1
184,171820,3
185,171845,1
186,171870,1
187,171880,1
188,171900,1
189,172000,1
190,172030,1
191,172049,1
192,172090,1
193,172110,1
194,172120,1
195,172208,1
196,210005,3
197,210050,1
198,210060,2
199,210070,1
200,210080,1
201,210083,1
202,210087,1
203,210090,1
204,210095,2
205,210100,2
206,210120,8
207,210140,3
208,210160,5
209,210193,1
210,210203,1
211,210210,1
212,210215,1
213,210230,2
214,210232,1
215,210250,1
216,210280,1
217,210300,8
218,210317,2
219,210320,2
220,210330,6
221,210340,4
222,210350,3
223,210360,1
224,210375,2
225,210380,1
226,210400,1
227,210405,1
228,210420,1
229,210460,1
230,210480,3
231,210515,1
232,210520,1
233,210530,10
234,210540,2
235,210542,1
236,210547,1
237,210560,1
238,210570,5
239,210590,1
240,210598,1
241,210620,1
242,210630,1
243,210637,1
244,210660,1
245,210670,1
246,210675,2
247,210720,1
248,210750,6
249,210770,1
250,210780,2
251,210790,1
252,210810,1
253,210820,3
254,210840,1
255,210860,2
256,210890,1
257,210900,1
258,210910,1
259,210960,1
260,210970,1
261,210980,1
262,210990,3
263,211000,1
264,211020,1
265,211023,1
266,211060,1
267,211070,2
268,211085,1
269,211110,1
270,211120,4
271,211125,1
272,211130,32
273,211140,1
274,211150,4
275,211167,2
276,211176,1
277,211180,1
278,211190,2
279,211220,7
280,211223,1
281,211230,1
282,211240,2
283,211260,1
284,211270,3
285,211280,1
286,211285,1
288,220005,4
289,220020,3
290,220030,1
291,220040,1
292,220050,2
293,220060,2
294,220070,1
295,220080,1
296,220100,1
297,220105,2
298,220110,1
299,220120,1
300,220150,3
301,220157,1
302,220160,1
303,220170,1
304,220190,4
305,220192,1
306,220196,1
307,220198,1
308,220205,1
309,220210,1
310,220213,1
311,220220,3
312,220230,1
313,220260,3
314,220270,3
315,220271,1
316,220280,1
317,220290,2
318,220320,3
319,220327,1
320,220350,1
321,220370,1
322,220380,1
323,220390,4
324,220450,1
325,220455,2
326,220470,3
327,220490,1
328,220500,1
329,220510,2
330,220515,1
331,220530,1
332,220550,2
333,220556,1
334,220554,1
335,220560,1
336,220570,5
337,220580,3
338,220590,1
339,220595,1
340,220600,1
341,220635,1
342,220660,1
343,220665,1
344,220667,1
345,220795,1
346,220700,5
347,220720,2
348,220770,7
349,220775,1
350,220780,1
351,220790,2
352,220800,10
353,220820,2
354,220840,1
355,220915,1
356,220937,1
357,220940,1
358,220950,2
359,221020,1
360,221030,3
361,221040,5
362,221050,1
363,221060,1
364,221062,2
365,221065,2
366,221070,2
367,221090,2
368,221095,1
369,221100,46
370,221110,2
371,221130,2
372,221160,1
373,230015,1
374,230020,2
375,230030,2
376,230040,2
377,230060,1
378,230075,1
379,230100,2
380,230110,8
381,230120,1
382,230130,1
383,230160,2
384,230170,1
385,230190,1
386,230195,2
387,230210,3
388,230220,3
389,230240,5
390,230250,3
391,230260,5
392,230270,1
393,230280,6
394,230300,1
395,230320,4
396,230330,3
397,230340,4
398,230350,2
399,230360,3
400,230365,1
401,230370,13
402,230393,1
403,230395,1
404,230400,2
405,230410,7
406,230420,10
407,230423,1
408,230425,4
409,230430,1
410,230435,1
411,230440,113
412,230465,1
413,230470,2
414,230480,1
415,230495,3
416,230500,4
417,230523,2
418,230530,4
419,230533,1
420,230540,3
421,230550,8
422,230560,4
423,230565,2
424,230570,1
425,230580,2
426,230590,3
427,230600,1
428,230610,3
429,230625,2
430,230630,5
431,230640,2
432,230650,1
433,230655,1
434,230660,3
435,230670,1
436,230690,1
437,230700,2
438,230710,1
439,230725,4
440,230730,4
441,230760,5
442,230765,9
443,230770,4
444,230780,2
445,230800,1
446,230810,2
447,230830,2
448,230835,1
449,230837,1
450,230850,2
451,230860,1
452,230870,4
453,230890,1
454,230900,1
455,230910,1
456,230920,1
457,230930,7
458,230940,2
459,230945,1
460,230950,3
461,230960,1
462,230970,4
463,230980,1
464,231010,2
465,231020,5
466,231025,1
467,231030,3
468,231050,8
469,231070,1
470,231080,1
471,231095,1
472,231100,4
473,231120,1
474,231123,1
475,231130,9
476,231135,2
477,231140,8
478,231160,3
479,231170,3
480,231180,7
481,231220,3
482,231200,2
483,231210,2
484,231230,9
485,231240,2
486,231260,1
487,231270,2
488,231290,13
489,231310,2
490,231320,1
491,231330,8
492,231335,1
493,231340,5
494,231350,4
495,231355,1
496,231360,3
497,231370,1
498,231380,3
499,231395,1
500,231400,2
501,231410,8
502,240010,1
503,240020,2
504,240050,1
505,240100,3
506,240110,2
507,240145,1
508,240150,1
509,240200,5
510,240220,1
511,240230,1
512,240240,1
513,240250,1
514,240300,1
515,240310,4
516,240340,1
517,240360,1
518,240380,3
519,240430,1
520,240450,2
521,240460,1
522,240520,1
523,240560,3
524,240580,2
525,240610,1
526,240670,1
527,240710,1
528,240720,1
529,240725,1
530,240780,1
531,240800,15
532,240810,30
533,240820,1
534,240850,3
535,240870,1
536,240890,1
537,240325,2
538,240940,4
539,241000,1
540,241020,1
541,241080,1
542,240895,1
543,241100,2
544,241120,3
545,241180,1
546,241200,1
547,241220,1
548,241230,3
549,241250,4
550,241290,1
551,241300,1
552,241030,1
553,241335,1
554,241355,1
555,241360,1
556,241400,1
557,241410,1
558,241105,1
559,241450,2
560,241460,3
561,241480,1
562,250020,1
563,250030,1
564,250040,1
565,250077,1
566,250090,1
567,250110,1
568,250120,1
569,250160,1
570,250170,1
571,250180,2
572,250190,2
573,250215,1
574,250240,2
575,250250,1
576,250280,1
577,250320,2
578,250350,1
579,250370,5
580,250390,1
581,250400,13
582,250403,1
583,250420,2
584,250430,2
585,250440,1
586,250460,3
587,250480,1
588,250490,1
589,250540,1
590,250590,1
591,250600,2
592,250630,1
593,250260,1
594,250690,1
595,250710,1
596,250720,1
597,250750,23
598,250760,1
599,250790,1
600,250830,1
601,250860,1
602,250890,2
603,250915,1
604,250930,1
605,250940,1
606,250970,1
607,250980,1
608,250990,2
609,251010,2
610,251040,2
611,251060,1
612,251080,10
613,251120,4
614,251150,3
615,251160,1
616,251180,1
617,251190,1
618,251200,3
619,251220,1
620,251240,1
621,251250,2
622,251270,1
623,251276,1
624,251310,1
625,251370,1
626,251390,2
627,250070,1
628,251450,2
629,251465,1
630,251530,5
631,251550,1
632,251600,2
633,251610,3
634,251620,2
635,251640,1
636,251650,1
637,251660,2
638,251700,1
639,251710,2
640,260010,2
641,260020,1
642,260050,1
643,260070,3
644,260080,2
645,260090,4
646,260110,2
647,260120,1
648,260140,2
649,260150,2
650,260160,1
651,260190,4
652,260200,1
653,260210,3
654,260230,1
655,260240,1
656,260250,2
657,260260,1
658,260270,1
659,260280,2
660,260290,5
661,260300,1
662,260310,3
663,260320,1
664,260345,4
665,260370,1
666,260380,3
667,260392,1
668,260410,14
669,260415,1
670,260420,1
671,260450,3
672,260470,1
673,260490,2
674,260500,1
675,260510,2
676,260520,2
677,260540,1
678,260560,2
679,260570,2
680,260600,4
681,260610,2
682,260620,2
683,260630,1
684,260640,2
685,260650,1
686,260660,3
687,260680,1
688,260760,1
689,260720,2
690,260730,2
691,260765,1
692,260790,11
693,260800,1
694,260810,2
695,260860,1
696,260875,1
697,260880,1
698,260890,1
699,260900,3
700,260910,1
701,260915,1
702,260940,1
703,260950,2
704,260960,18
705,260970,2
706,260990,3
707,261000,1
708,261040,4
709,261070,3
710,261090,4
711,261100,3
712,261110,12
713,261150,2
714,261160,39
715,261180,2
716,261245,1
717,261247,5
718,261250,1
719,261255,1
720,261260,5
721,261290,2
722,261310,3
723,261320,4
724,261350,3
725,261360,1
726,261390,4
727,261410,1
728,261450,4
729,261485,1
730,261500,2
731,261510,2
732,261530,1
733,261540,1
734,261600,2
735,261640,9
736,261650,1
738,270030,14
739,270040,1
740,270070,1
741,270130,1
742,270230,3
743,270250,1
744,270260,3
745,270300,1
746,270310,2
747,270350,1
748,270400,1
749,270430,29
750,270440,1
751,270470,3
752,270480,1
753,270510,1
754,270630,3
755,270642,1
756,270670,2
757,270690,2
758,270800,2
759,270820,2
760,270840,1
761,270850,1
762,270860,1
763,270880,1
764,270890,1
765,270895,1
766,270915,2
767,270920,1
768,280020,2
769,280030,42
770,280050,1
771,280060,1
772,280067,4
773,280070,1
774,280120,3
775,280130,3
776,280210,1
777,280230,2
778,280280,1
779,280290,11
780,280350,6
781,280360,1
782,280370,1
783,280390,2
784,280410,2
785,280420,2
786,280430,1
787,280440,1
788,280450,2
789,280460,3
790,280480,10
791,280500,1
792,280510,1
793,280550,2
794,280560,3
795,280570,1
796,280580,2
797,280640,1
798,280660,1
799,280670,5
800,280690,1
801,280710,2
802,280720,1
803,280740,2
804,280760,1
806,290010,1
807,290020,2
808,290040,2
809,290060,1
810,290070,4
811,290080,2
812,290100,1
813,290110,1
814,290130,1
815,290135,1
816,290190,1
817,290195,1
818,290210,1
819,290225,1
820,290265,1
821,290280,1
822,290290,1
823,290320,1
824,290340,1
825,290380,3
826,290420,1
827,290450,1
828,290460,4
829,290470,1
830,290475,1
831,290485,2
832,290515,1
833,290520,3
834,290530,1
835,290540,1
836,290550,1
837,290560,3
838,290570,6
839,290580,1
840,290590,3
841,290600,1
842,290610,1
843,290620,2
844,290650,1
845,290680,1
846,290685,1
847,290689,1
848,290710,1
849,290720,4
850,290730,2
851,290750,1
852,290780,3
853,290800,1
854,290820,1
855,290840,1
856,290860,1
857,290870,2
858,290890,1
859,290900,1
860,290920,3
861,290930,1
862,290940,1
863,290950,1
864,290960,2
865,290980,3
866,291000,1
867,291005,1
868,291040,2
869,291050,3
870,291060,1
871,291070,2
872,291072,3
873,291080,11
874,291100,1
875,291120,1
876,291130,1
877,291170,3
878,291185,1
879,291210,3
880,291230,1
881,291240,1
882,291270,2
883,291300,2
884,291310,1
885,291320,1
886,291340,1
887,291360,6
888,291370,3
889,291390,3
890,291400,2
891,291410,1
892,291450,1
893,291460,1
894,291470,4
895,291480,7
896,291500,1
897,291540,2
898,291560,4
899,291580,1
900,291600,2
901,291610,1
902,291620,1
903,291640,3
904,291650,1
905,291690,1
906,291710,1
907,291720,1
908,291730,1
909,291735,1
910,291760,4
911,291770,3
912,291780,1
913,291790,1
914,291800,3
915,291810,2
916,291835,1
917,291840,1
918,291880,1
919,291915,3
920,291920,8
921,291950,4
922,291960,1
923,291980,4
924,291992,1
925,292000,1
926,292020,2
927,292040,1
928,292050,4
929,292060,2
930,292070,1
931,292100,1
932,292105,1
933,292150,1
934,292180,2
935,292200,1
936,292205,1
937,292230,3
938,292240,1
939,292250,1
940,292260,1
941,292275,1
942,292290,1
943,292310,1
944,292340,4
945,292370,1
946,292380,2
947,292400,1
948,292490,1
949,292500,1
950,292510,4
951,292520,1
952,292525,1
953,292530,1
954,292550,1
955,292575,1
956,292595,1
957,292600,1
958,292630,2
959,292640,1
960,292660,3
961,292665,1
962,292700,2
963,292720,2
964,292740,63
965,292810,3
966,292840,1
967,292800,2
968,292820,3
969,292860,4
970,292870,2
971,292880,3
972,292900,1
973,292925,2
974,292930,2
975,292935,1
976,292950,1
977,292970,1
978,292980,1
979,292990,1
980,293000,4
981,293010,1
982,293020,2
983,293040,1
984,293050,2
985,293070,3
986,293090,1
987,293100,2
988,293135,5
989,293190,2
990,293200,1
991,293210,1
992,293220,1
993,293240,1
994,293260,1
995,293270,1
996,293290,4
997,293300,1
998,293305,1
999,293320,3
1000,293330,11
1001,293340,1
1002,293350,3
1003,293360,1
1005,310010,1
1006,310020,2
1007,310050,1
1008,310070,1
1009,310120,1
1010,310150,1
1011,310160,6
1012,310170,2
1013,310205,3
1014,315350,2
1015,310220,1
1016,310240,1
1017,310260,5
1018,310280,2
1019,310300,1
1020,310340,1
1021,310350,10
1022,310370,1
1023,310400,13
1024,310420,1
1025,310450,3
1026,310470,2
1027,310480,1
1028,310490,2
1029,310530,1
1030,310540,1
1031,310560,7
1032,310570,1
1033,310590,4
1034,310610,2
1035,310620,111
1036,310650,2
1037,310670,10
1038,310680,1
1039,310690,1
1040,310710,3
1041,310720,1
1042,310730,2
1043,310770,2
1044,310820,1
1045,310840,1
1046,310850,1
1047,310860,2
1048,310890,1
1049,310930,2
1050,310940,1
1051,310950,3
1052,311000,1
1053,311030,3
1054,311070,1
1055,311090,1
1056,311100,4
1057,311110,1
1058,311120,2
1059,311160,2
1060,311190,2
1061,311200,1
1062,311210,2
1063,311230,2
1064,311300,3
1065,311340,3
1066,311370,1
1067,311390,2
1068,311400,2
1069,311420,6
1070,311430,5
1071,311450,4
1072,311455,1
1073,311460,1
1074,311510,2
1075,311530,1
1076,311547,1
1077,311550,2
1078,311580,1
1079,311620,1
1080,311640,1
1081,311650,1
1082,311660,2
1083,311670,1
1084,311680,1
1085,311710,1
1086,311730,1
1087,311750,1
1088,311790,1
1089,311800,5
1090,311830,12
1091,311840,1
1092,311860,23
1093,311880,4
1094,311900,1
1095,311910,2
1096,311930,2
1097,311940,4
1098,312000,1
1099,312010,1
1100,312015,1
1101,312020,2
1102,312040,1
1103,312080,2
1104,312083,1
1105,312090,6
1106,312110,1
1107,312120,1
1108,312125,1
1109,312160,3
1110,312230,18
1111,312240,1
1112,312247,1
1113,312320,3
1114,312330,2
1115,312360,2
1116,312370,1
1117,312380,1
1118,312385,1
1119,312390,1
1120,312400,2
1121,312410,2
1122,312420,3
1123,312430,2
1124,312510,2
1125,312570,1
1126,312590,2
1127,312595,1
1128,312610,10
1129,312620,2
1130,312630,1
1131,312650,2
1132,312695,1
1133,312700,2
1134,312707,1
1135,312710,4
1136,312720,1
1137,312737,1
1138,312760,3
1139,312770,10
1140,312800,3
1141,312830,5
1142,312870,5
1143,312890,2
1144,312920,1
1145,312950,3
1146,312965,1
1147,312980,6
1148,313010,2
1149,313040,1
1150,313050,4
1151,313090,2
1152,313115,2
1153,313130,10
1154,313150,2
1155,313170,9
1156,313210,1
1157,313220,2
1158,313240,4
1159,313250,1
1160,313270,3
1161,313290,1
1162,313300,2
1163,313330,1
1164,313350,1
1165,313370,3
1166,313380,7
1167,313420,4
1168,313440,2
1169,313450,1
1170,313460,1
1171,313505,3
1172,313510,4
1173,313520,2
1174,313530,1
1175,313600,1
1176,313610,1
1177,313630,3
1178,313650,1
1179,313657,2
1180,313665,1
1181,313670,24
1182,313690,1
1183,313700,1
1184,313720,6
1185,313740,1
1186,313750,4
1187,313753,1
1188,313760,2
1189,313770,2
1190,313780,3
1191,313800,1
1192,313810,1
1193,313820,7
1194,313840,1
1195,313867,2
1196,313870,1
1197,313880,2
1198,313900,1
1199,313920,1
1200,313925,2
1201,313940,2
1202,313960,1
1203,313980,1
1204,314110,1
1205,314130,1
1206,314140,1
1207,314180,1
1208,314190,1
1209,314210,1
1210,314220,1
1211,314240,1
1212,314250,3
1213,314260,1
1214,314300,3
1215,314310,4
1216,314330,15
1217,314350,1
1218,314390,2
1219,314400,3
1220,314410,2
1221,314437,1
1222,314440,1
1223,314450,1
1224,314460,3
1225,314470,1
1226,314480,4
1227,314520,5
1228,314535,1
1229,314550,1
1230,314560,7
1231,314585,1
1232,314590,1
1233,314600,3
1234,314610,3
1235,314640,1
1236,314690,3
1237,314710,7
1238,314700,7
1239,314720,2
1240,314730,2
1241,314790,3
1242,314795,2
1243,314800,18
1244,314810,16
1245,314820,1
1246,314830,1
1247,314850,1
1248,314870,4
1249,314910,1
1250,314930,6
1251,314970,2
1252,314980,1
1253,314990,9
1254,315050,1
1255,315060,1
1256,315080,2
1257,315100,1
1258,315120,2
1259,315130,2
1260,315140,2
1261,315150,1
1262,315170,1
1263,315180,15
1264,315200,4
1265,315210,2
1266,315217,1
1267,315230,1
1268,315240,1
1269,315250,7
1270,315260,2
1271,315280,1
1272,315290,1
1273,315320,2
1274,315330,1
1275,315340,4
1276,315380,1
1277,315400,3
1278,315420,2
1279,315440,1
1280,315460,10
1281,315520,2
1282,315540,1
1283,315550,1
1284,315580,1
1285,315600,1
1286,315660,1
1287,315670,5
1288,315680,3
1289,315690,1
1290,315700,1
1291,315710,1
1292,315720,1
1293,315725,2
1294,315760,2
1295,315780,12
1296,315800,1
1297,315960,3
1298,315980,1
1299,315850,1
1300,315890,1
1301,315895,1
1302,315900,1
1303,315910,1
1304,315990,1
1305,316040,6
1306,316070,3
1307,316095,1
1308,316120,1
1309,316190,1
1310,312550,2
1311,316200,1
1312,316225,1
1313,316230,1
1314,316250,4
1315,316270,2
1316,316280,1
1317,316290,1
1318,316294,1
1319,316330,1
1320,316340,1
1321,316370,2
1322,316380,1
1323,316420,1
1324,316430,1
1325,316443,1
1326,316470,6
1327,316520,3
1328,316510,2
1329,316540,1
1330,316553,1
1331,316557,1
1332,316590,3
1333,316620,1
1334,316630,1
1335,316710,1
1336,316720,14
1337,316555,1
1338,316740,1
1339,316760,2
1340,316780,1
1341,316790,1
1342,316800,1
1343,316840,1
1344,316860,7
1345,316870,4
1346,316890,1
1347,316930,5
1348,316935,1
1349,316940,7
1350,316990,5
1351,317010,18
1352,317020,43
1353,317070,8
1354,317080,3
1355,317120,4
1356,317130,3
1357,317170,2
1358,317200,1
1360,320010,3
1361,320016,1
1362,320013,2
1363,320020,1
1364,320030,2
1365,320050,1
1366,320060,4
1367,320080,1
1368,320090,1
1369,320100,1
1370,320120,9
1371,320130,12
1372,320140,4
1373,320150,5
1374,320160,1
1375,320190,5
1376,320210,1
1377,320220,2
1378,320225,1
1379,320230,3
1380,320240,4
1381,320245,1
1382,320260,2
1383,320265,1
1384,320270,3
1385,320280,1
1386,320290,1
1387,320310,1
1388,320313,1
1389,320320,5
1390,320332,1
1391,320334,1
1392,320350,3
1393,320370,1
1394,320390,2
1395,320400,1
1396,320405,1
1397,320410,3
1398,320420,1
1399,320425,1
1400,320435,1
1401,320455,5
1402,320460,2
1403,320465,1
1404,320470,2
1405,320490,3
1406,320500,16
1407,320501,1
1408,320510,2
1409,320515,1
1410,320517,2
1411,320520,12
1412,320530,17
1413,330010,4
1414,330015,2
1415,330020,3
1416,330025,1
1417,330030,2
1418,330040,13
1419,330045,9
1420,330060,2
1421,330070,6
1422,330080,2
1423,330090,1
1424,330100,17
1425,330110,1
1426,330093,1
1427,330130,4
1428,330140,1
1429,330150,1
1430,330160,1
1431,330170,16
1432,330185,1
1433,330190,3
1434,330200,3
1435,330205,1
1436,330210,1
1437,330220,6
1438,330225,1
1439,330240,7
1440,330250,4
1441,330270,2
1442,330280,1
1443,330285,5
1444,330290,3
1445,330300,1
1446,330320,1
1447,330330,15
1448,330340,13
1449,330350,21
1450,330370,3
1451,330385,2
1452,330390,18
1453,330412,1
1454,330414,3
1455,330420,8
1456,330440,3
1457,330452,3
1458,330455,218
1459,330470,6
1460,330475,1
1461,330490,15
1462,330500,2
1463,330510,9
1464,330513,1
1465,330515,2
1466,330520,1
1467,330530,1
1468,330540,2
1469,330550,1
1470,330560,1
1471,330570,1
1472,330580,6
1473,330590,1
1474,330600,4
1475,330610,5
1476,330620,2
1477,330630,8
1479,350010,2
1480,350030,1
1481,350050,2
1482,350110,1
1483,350115,1
1484,350120,1
1485,350160,8
1486,350170,1
1487,350190,4
1488,350210,3
1489,350220,1
1490,350230,1
1491,350275,2
1492,350280,11
1493,350290,3
1494,350320,13
1495,350330,3
1496,350360,1
1497,350390,2
1498,350400,5
1499,350410,6
1500,350440,2
1501,350450,12
1502,350470,1
1503,350510,1
1504,350520,1
1505,350530,3
1506,350540,1
1507,350550,8
1508,350560,2
1509,350570,19
1510,350580,1
1511,350590,7
1512,350600,31
1513,350610,6
1514,350630,1
1515,350650,7
1516,350660,1
1517,350670,1
1518,350680,2
1519,350690,2
1520,350700,2
1521,350715,1
1522,350740,1
1523,350750,9
1524,350760,6
1525,350780,1
1526,350790,3
1527,350800,4
1528,350850,2
1529,350860,1
1530,350870,1
1531,350900,5
1532,350920,3
1533,350940,1
1534,350950,37
1535,350970,4
1536,350990,1
1537,351000,1
1538,351020,2
1539,351030,1
1540,351040,3
1541,351050,1
1542,351060,28
1543,351070,1
1544,351080,1
1545,351110,12
1546,351120,1
1547,351150,3
1548,351170,1
1549,355720,1
1550,351200,1
1551,351210,1
1552,351230,1
1553,351240,1
1554,351280,1
1555,351300,6
1556,351320,1
1557,351340,5
1558,351350,4
1559,351360,1
1560,351370,3
1561,351380,21
1562,351410,3
1563,351430,1
1564,351440,2
1565,351460,1
1566,351500,12
1567,351519,1
1568,355730,1
1569,351540,1
1570,351560,2
1571,351550,2
1572,351570,4
1573,351620,18
1574,351630,1
1575,351640,5
1576,351670,6
1577,351690,2
1578,351720,1
1579,351740,1
1580,351770,1
1581,351820,3
1582,351840,6
1583,351850,2
1584,351860,1
1585,351870,15
1586,351880,37
1587,351885,1
1588,351905,1
1589,351907,6
1590,351910,1
1591,351950,1
1592,351960,2
1593,351970,7
1594,351980,1
1595,351990,1
1596,352000,1
1597,352010,2
1598,352050,5
1599,352080,1
1600,352090,1
1601,352100,3
1602,352120,1
1603,352140,1
1604,352170,3
1605,352180,1
1606,352210,7
1607,352220,6
1608,352230,10
1609,352240,5
1610,352250,6
1611,352260,5
1612,352270,7
1613,352280,2
1614,352290,1
1615,352310,5
1616,352320,5
1617,352340,3
1618,352350,2
1619,352360,3
1620,352390,11
1621,352400,3
1622,352430,6
1623,352440,9
1624,352460,1
1625,352470,4
1626,352480,1
1627,352500,5
1628,352520,1
1629,352530,9
1630,352570,2
1631,352590,11
1632,352600,1
1633,352620,1
1634,352630,1
1635,352650,1
1636,352670,3
1637,352680,2
1638,352690,17
1639,352710,5
1640,352720,2
1641,352740,3
1642,352800,2
1643,352840,2
1644,352850,7
1645,352860,1
1646,352890,1
1647,352900,15
1648,352920,3
1649,352930,2
1650,352940,9
1651,352970,3
1652,352980,1
1653,352990,3
1654,353010,3
1655,353020,1
1656,353030,1
1657,353050,5
1658,353060,16
1659,353070,8
1660,353080,8
1661,353110,1
1662,353130,3
1663,353180,6
1664,353190,1
1665,353200,1
1666,353210,1
1667,353240,1
1668,353280,1
1669,353300,2
1670,353320,1
1671,353340,2
1672,353350,1
1673,353390,2
1674,353430,3
1675,353440,26
1676,353460,3
1677,353470,8
1678,353480,1
1679,353510,1
1680,353530,2
1681,353540,2
1682,353550,9
1683,353600,1
1684,353620,2
1685,353625,1
1686,353640,1
1687,353650,7
1688,353660,1
1689,353670,7
1690,353700,2
1691,353710,4
1692,353730,1
1693,353740,3
1694,353760,4
1695,353770,1
1696,353790,1
1697,353800,12
1698,353810,1
1699,353850,1
1700,353870,19
1701,353880,1
1702,353890,2
1703,353920,1
1704,353930,5
1705,353980,6
1706,353990,1
1707,354020,2
1708,354050,2
1709,354060,4
1710,354070,1
1711,354075,1
1712,354090,1
1713,354100,17
1714,354105,2
1715,354130,1
1716,354140,10
1717,354150,3
1718,354160,3
1719,354180,1
1720,354220,2
1721,354240,1
1722,354250,1
1723,354260,3
1724,354270,1
1725,354290,1
1726,354300,1
1727,354310,1
1728,354330,2
1729,354340,28
1730,354380,1
1731,354390,9
1732,354400,3
1733,354410,2
1734,354440,1
1735,354460,1
1736,354480,1
1737,354500,1
1738,354520,4
1739,354530,1
1740,354540,1
1741,354560,1
1742,354580,4
1743,354600,1
1744,354630,2
1745,354640,2
1746,354670,2
1747,354700,1
1748,354760,4
1749,354730,2
1750,354770,3
1751,354780,16
1752,354790,1
1753,354850,25
1754,354870,18
1755,354880,3
1756,354890,19
1757,354900,1
1758,354910,3
1759,354925,1
1760,354940,4
1761,354980,16
1762,354990,16
1763,355000,1
1764,355010,2
1765,355030,531
1766,355050,1
1767,355060,6
1768,355070,5
1769,355080,4
1770,355090,1
1771,355100,25
1772,355110,1
1773,355120,1
1774,355140,1
1775,355160,3
1776,355150,1
1777,355170,6
1778,355190,1
1779,355210,4
1780,355220,30
1781,355230,1
1782,355240,12
1783,355250,13
1784,355260,2
1785,355270,2
1786,355280,9
1787,355290,1
1788,355320,1
1789,355330,5
1790,355340,1
1791,355370,8
1792,355380,2
1793,355385,1
1794,355395,2
1795,355400,6
1796,355410,9
1797,355440,2
1798,355450,2
1799,355465,1
1800,355470,2
1801,355480,2
1802,355500,3
1803,355530,1
1804,355540,3
1805,355580,1
1806,355610,1
1807,355620,4
1808,355640,2
1809,355645,1
1810,355650,3
1811,355660,1
1812,355670,1
1813,355680,1
1814,355700,6
1815,355710,4
1816,355715,1
1818,410010,1
1819,410040,3
1820,410070,1
1821,410050,2
1822,410080,2
1823,410090,1
1824,410100,1
1825,410130,2
1826,410140,9
1827,410150,2
1828,410160,2
1829,410170,1
1830,410180,2
1831,410185,1
1832,410190,1
1833,410200,5
1834,410240,1
1835,410250,1
1836,410270,1
1837,410260,1
1838,410290,1
1839,410304,1
1840,410315,1
1841,410330,1
1842,410345,3
1843,410347,1
1844,410350,2
1845,410360,1
1846,410370,5
1847,410380,2
1848,410400,1
1849,410405,1
1850,410420,3
1851,410430,2
1852,410440,2
1853,410442,2
1854,410445,1
1855,410450,3
1856,410460,2
1857,410465,1
1858,410470,1
1859,410480,11
1860,410490,3
1861,410500,1
1862,410520,1
1863,410540,4
1864,410550,6
1865,410560,1
1866,410570,3
1867,410580,16
1868,410590,1
1869,410630,1
1870,410640,3
1871,410645,1
1872,410650,1
1873,410680,2
1874,410660,3
1875,410690,59
1876,410715,1
1877,410720,1
1878,410725,2
1879,410740,1
1880,410750,1
1881,410752,1
1882,410755,1
1883,410760,1
1884,410765,2
1885,410780,2
1886,410790,1
1887,410810,1
1888,410820,1
1889,410830,12
1890,410832,1
1891,410840,5
1892,410850,1
1893,410855,2
1894,410860,3
1895,410880,1
1896,410895,1
1897,410920,1
1898,410930,4
1899,410940,11
1900,410960,1
1901,410965,1
1902,410970,2
1903,410980,2
1904,410990,1
1905,411007,1
1906,411010,2
1907,411020,1
1908,411030,1
1909,411065,1
1910,411070,4
1911,411080,1
1912,411100,1
1913,411125,1
1914,411140,1
1915,411150,3
1916,411155,1
1917,411180,2
1918,411190,2
1919,411200,1
1920,411230,1
1921,411240,1
1922,411275,1
1923,411280,2
1924,411295,1
1925,411320,4
1926,411325,1
1927,411330,8
1928,411350,3
1929,411370,21
1930,411380,1
1931,411410,2
1932,411440,3
1933,411460,2
1934,411490,1
1935,411520,9
1936,411530,1
1937,411535,1
1938,411540,1
1939,411545,2
1940,411550,1
1941,411560,2
1942,411570,1
1943,411573,1
1944,411580,2
1945,411585,1
1946,411600,1
1947,411605,7
1948,411640,2
1949,411670,1
1950,411680,1
1951,411690,2
1952,411721,1
1953,411727,1
1954,411730,2
1955,411750,4
1956,411760,3
1957,411770,1
1958,411790,4
1959,411800,1
1960,411820,8
1961,411830,1
1962,411840,4
1963,411850,7
1964,411900,2
1965,411910,3
1966,411915,5
1967,411940,2
1968,411950,4
1969,411960,1
1970,411965,1
1971,411980,4
1972,411990,22
1973,411995,1
1974,412010,1
1975,412050,3
1976,412060,6
1977,412080,1
1978,412090,1
1979,412110,1
1980,412120,1
1981,412135,1
1982,412140,2
1983,412150,1
1984,412160,1
1985,412175,1
1986,412180,1
1987,412190,1
1988,412215,1
1989,412220,1
1990,412230,3
1991,412240,3
1992,412250,1
1993,412265,2
1994,412280,1
1995,412300,5
1996,412330,1
1997,412350,2
1998,412370,2
1999,412380,1
2000,412385,1
2001,412390,2
2002,412405,1
2003,412400,1
2004,412410,4
2005,412420,1
2006,412440,1
2007,412460,1
2008,412470,1
2009,412480,1
2010,412490,1
2011,412500,1
2012,412510,1
2013,412520,2
2014,412535,1
2015,412550,11
2016,412560,3
2017,412570,1
2018,412575,1
2019,412600,1
2020,412620,1
2021,412625,6
2022,412627,1
2023,412630,2
2024,412635,1
2025,412650,1
2026,412660,3
2027,412665,1
2028,412700,1
2029,412720,2
2030,412730,2
2031,412740,3
2032,412750,3
2033,412760,1
2034,412770,7
2035,412785,1
2036,412796,3
2037,412800,1
2038,412810,3
2039,412820,4
2040,412840,2
2041,412853,1
2042,412860,1
2043,412865,1
2044,412870,1
2045,412880,1
2046,420010,1
2047,420040,1
2048,420050,4
2049,420055,1
2050,420070,2
2051,420080,1
2052,420120,1
2053,420125,2
2054,420127,1
2055,420130,1
2056,420140,6
2057,420150,2
2058,420180,1
2059,420195,2
2060,420200,2
2061,421280,1
2062,420210,2
2063,420230,8
2064,420240,22
2065,420280,1
2066,420290,8
2067,420300,6
2068,420310,3
2069,420320,2
2070,420330,1
2071,420360,1
2072,420370,1
2073,420380,13
2074,420390,3
2075,420400,1
2076,420410,2
2077,420420,9
2078,420430,11
2079,420435,1
2080,420440,2
2081,420455,1
2082,420450,2
2083,420460,14
2084,420480,7
2085,420500,1
2086,420530,2
2087,420540,25
2088,420543,1
2089,420545,4
2090,420550,4
2091,420580,1
2092,420590,7
2093,420600,1
2094,420610,1
2095,420630,8
2096,420640,2
2097,420650,2
2098,420660,3
2099,420670,4
2100,420680,1
2101,420690,3
2102,420700,2
2103,420730,7
2104,420750,2
2105,420765,3
2106,420770,2
2107,420775,3
2108,420785,1
2109,420800,3
2110,420820,14
2111,420830,2
2112,420845,1
2113,420850,1
2114,420870,2
2115,420880,2
2116,420890,12
2117,420900,4
2118,420910,25
2119,420915,1
2120,420930,12
2121,420940,6
2122,420945,1
2123,420950,1
2124,420960,1
2125,420980,2
2126,420985,1
2127,420990,1
2128,421000,1
2129,421003,1
2130,421010,4
2131,421020,1
2132,421040,1
2133,421050,6
2134,421080,1
2135,421100,4
2136,421105,1
2137,421110,1
2138,421130,3
2139,421170,1
2140,421190,3
2141,421210,2
2142,421225,3
2143,421227,1
2144,421230,1
2145,421250,3
2146,421290,2
2147,421310,2
2148,421320,4
2149,421340,4
2150,421360,5
2151,421370,3
2152,421400,2
2153,421415,2
2154,421450,2
2155,421460,1
2156,421480,3
2157,421470,3
2158,421500,6
2159,421507,1
2160,421510,5
2161,421530,1
2162,421535,1
2163,421545,1
2164,421569,1
2165,421570,1
2166,421580,5
2167,421590,1
2168,421600,1
2169,421610,4
2170,421620,3
2171,421630,3
2172,421640,2
2173,421650,2
2174,421660,11
2175,421670,4
2176,421680,2
2177,421690,7
2178,421700,2
2179,421720,7
2180,421750,3
2181,421760,1
2182,421775,2
2183,421780,2
2184,421795,1
2185,421800,4
2186,421810,1
2187,421820,4
2188,421825,1
2189,421830,1
2190,421840,1
2191,421870,12
2192,421875,1
2193,421880,2
2194,421900,4
2195,421930,8
2196,421950,4
2197,421970,3
2198,421985,1
2199,430003,1
2200,430010,5
2201,430020,1
2202,430040,5
2203,430045,3
2204,430047,2
2205,430050,1
2206,430060,4
2207,430064,1
2208,430066,1
2209,430070,2
2210,430080,1
2211,430090,1
2212,430100,3
2213,430105,1
2214,430120,2
2215,430110,1
2216,430130,4
2217,430150,4
2218,430155,2
2219,430160,4
2220,430165,1
2221,430170,5
2222,430192,1
2223,430200,3
2224,430205,1
2225,430210,15
2226,430220,1
2227,430223,2
2228,430225,1
2229,430230,2
2230,430235,2
2231,430250,2
2232,430258,2
2233,430270,3
2234,430280,3
2235,430300,7
2236,430310,3
2237,430320,4
2238,430330,1
2239,430350,8
2240,430360,1
2241,430367,3
2242,430390,6
2243,430400,1
2244,430410,1
2245,430420,2
2246,430435,1
2247,430440,4
2248,430450,6
2249,430460,16
2250,430463,2
2251,430466,4
2252,430468,2
2253,430470,4
2254,430480,3
2255,430490,1
2256,430495,1
2257,430500,2
2258,430510,35
2259,430512,2
2260,430517,1
2261,430520,1
2262,430530,1
2263,430535,3
2264,430537,1
2265,430540,1
2266,430543,3
2267,430560,2
2268,430570,1
2269,430580,3
2270,430585,1
2271,430590,3
2272,430593,1
2273,430597,1
2274,430600,5
2275,430607,1
2276,430610,5
2277,430620,1
2278,430632,2
2279,430637,2
2280,430640,4
2281,430645,2
2282,430650,2
2283,430660,7
2284,430676,3
2285,430680,1
2286,430690,4
2287,430693,1
2288,430700,9
2289,430720,1
2290,430730,3
2291,430750,2
2292,430760,2
2293,430770,1
2294,430781,1
2295,430786,1
2296,430790,9
2297,430807,1
2298,430820,1
2299,430830,4
2300,430843,3
2301,430850,1
2302,430860,6
2303,430870,1
2304,430885,1
2305,430890,4
2306,430900,1
2307,430905,2
2308,430910,1
2309,430912,1
2310,430915,2
2311,430920,13
2312,430930,4
2313,430710,2
2314,430957,1
2315,430960,6
2316,430990,1
2317,431000,2
2318,431010,4
2319,431020,6
2320,431033,2
2321,431040,1
2322,431043,1
2323,431057,1
2324,431060,3
2325,431065,1
2326,431080,2
2327,431090,1
2328,431100,4
2329,431110,2
2330,431113,2
2331,431115,1
2332,431120,5
2333,431123,1
2334,431127,1
2335,431130,5
2336,431140,9
2337,431162,1
2338,431164,1
2339,431170,2
2340,431173,1
2341,431175,1
2342,431180,1
2343,431190,1
2344,431205,2
2345,431213,1
2346,431215,1
2347,431225,2
2348,431230,1
2349,431240,3
2350,431242,1
2351,431244,1
2352,431247,1
2353,431250,2
2354,431265,1
2355,431270,1
2356,431275,1
2357,431306,2
2358,431320,1
2359,431330,2
2360,431335,2
2361,431340,17
2362,431342,1
2363,431350,2
2364,431365,1
2365,431370,3
2366,431380,1
2367,431390,2
2368,431395,2
2369,431405,5
2370,431410,25
2371,431415,2
2372,431440,16
2373,431449,3
2374,431450,3
2375,431455,1
2376,431460,1
2377,431470,6
2378,431477,1
2379,431480,5
2380,431490,100
2381,431500,2
2382,431510,1
2383,431515,1
2384,431531,2
2385,431532,1
2386,431550,2
2387,431555,1
2388,431560,15
2389,431570,1
2390,431580,3
2391,431590,1
2392,431600,2
2393,431610,1
2394,431640,8
2395,431645,2
2396,431650,1
2397,431660,1
2398,431710,4
2399,431670,2
2400,431675,1
2401,431680,15
2402,431690,20
2403,431695,1
2404,431720,6
2405,431725,1
2406,431730,1
2407,431700,2
2408,431740,7
2409,431750,8
2410,431760,3
2411,431770,11
2412,431755,2
2413,431780,1
2414,431790,5
2415,431800,6
2416,431805,1
2417,431820,2
2418,431830,8
2419,431840,2
2420,431842,2
2421,431844,1
2422,431846,1
2423,431850,3
2424,431861,1
2425,431870,11
2426,431880,11
2427,431890,4
2428,431900,5
2429,431912,3
2430,431930,1
2431,431940,6
2432,431950,4
2433,431960,4
2434,431971,1
2435,431980,1
2436,431990,1
2437,432000,9
2438,432010,2
2439,432020,2
2440,432026,1
2441,432030,1
2442,432040,1
2443,432045,1
2444,432050,1
2445,432055,1
2446,432067,4
2447,432070,5
2448,432080,4
2449,432090,7
2450,432100,3
2451,432110,2
2452,432120,6
2453,432130,6
2454,432135,2
2455,432140,6
2456,432143,2
2457,432145,3
2458,432146,1
2459,432147,1
2460,432150,6
2461,432160,3
2462,432162,2
2463,432166,1
2464,432170,4
2465,432180,7
2466,432183,1
2467,432185,2
2468,432190,8
2469,432200,3
2470,432215,1
2471,432220,4
2472,432230,2
2473,432232,3
2474,432240,6
2475,432250,2
2476,432253,5
2477,432254,1
2478,432260,12
2479,432270,3
2480,432280,1
2481,432285,1
2482,432290,3
2483,432300,15
2484,432310,2
2485,432340,1
2486,432345,1
2487,432350,1
2488,432360,1
2489,432375,1
2490,432377,1
2491,432380,2
2492,500020,2
2493,500025,1
2494,500060,9
2495,500070,2
2496,500080,1
2497,500085,1
2498,500090,1
2499,500100,6
2500,500110,2
2501,500124,2
2502,500190,1
2503,500210,5
2504,500220,2
2505,500240,5
2506,500270,43
2507,500280,1
2508,500290,3
2509,500295,1
2510,500310,1
2511,500315,7
2512,500320,5
2513,500325,2
2514,500370,15
2515,500375,1
2516,500380,2
2517,500400,2
2518,500410,1
2519,500450,1
2520,500460,1
2521,500470,1
2522,500480,4
2523,500500,4
2524,500510,1
2525,500540,4
2526,500568,1
2527,500570,1
2528,500580,1
2529,500620,2
2530,500630,7
2531,500635,4
2532,500640,1
2533,500660,5
2534,500710,2
2535,500720,2
2536,500769,2
2537,500770,3
2538,500790,2
2539,500793,1
2540,500795,3
2541,500797,1
2542,500800,1
2543,500830,9
2544,510010,1
2545,510020,2
2546,510025,3
2547,510030,2
2548,510035,1
2549,510040,2
2550,510050,1
2551,510125,2
2552,510130,1
2553,510140,3
2554,510170,2
2555,510180,6
2556,510250,6
2557,510260,1
2558,510267,3
2559,510268,1
2560,510270,1
2561,510279,2
2562,510285,1
2563,510305,2
2564,510310,1
2565,510325,1
2566,510330,1
2567,510335,3
2568,510336,1
2569,510337,1
2570,510340,28
2571,510360,1
2572,510410,1
2573,510490,1
2574,510500,1
2575,510510,2
2576,510515,3
2577,510525,1
2578,510558,1
2579,510560,1
2580,510615,1
2581,510624,1
2582,510625,3
2583,510629,1
2584,510630,1
2585,510637,2
2586,510675,3
2587,510682,2
2588,510700,3
2589,510704,4
2590,510718,1
2591,510719,1
2592,510720,1
2593,510760,13
2594,510777,1
2595,510729,1
2596,510730,2
2597,510710,1
2598,510790,4
2599,510792,4
2600,510795,5
2601,510800,1
2602,510805,1
2603,510820,2
2604,510840,7
2605,510850,1
2606,510860,3
2607,520010,1
2608,520025,6
2609,520030,3
2610,520080,2
2611,520110,13
2612,520140,23
2613,520145,1
2614,520170,3
2615,520330,1
2616,520350,2
2617,520393,1
2618,520396,1
2619,520410,1
2620,520430,1
2621,520440,1
2622,520450,7
2623,520480,1
2624,520490,1
2625,520500,1
2626,520510,6
2627,520520,1
2628,520540,2
2629,520549,2
2630,520580,1
2631,520590,1
2632,520620,1
2633,520640,3
2634,520735,1
2635,520753,1
2636,520800,4
2637,520810,1
2638,520850,1
2639,520860,6
2640,520870,59
2641,520890,3
2642,520920,1
2643,520970,1
2644,520980,1
2645,520993,1
2646,521000,3
2647,521010,1
2648,521040,2
2649,521060,1
2650,521090,2
2651,521130,2
2652,521150,9
2653,521180,4
2654,521190,6
2655,521250,10
2656,521308,1
2657,521310,6
2658,521350,1
2659,521370,2
2660,521380,4
2661,521385,2
2662,521390,1
2663,521400,1
2664,521460,4
2665,521500,1
2666,521520,1
2667,521523,4
2668,521530,2
2669,521540,1
2670,521570,2
2671,521600,1
2672,521630,1
2673,521680,1
2674,521710,2
2675,521730,1
2676,521740,1
2677,521760,5
2678,521770,2
2679,521800,2
2680,521830,3
2681,521839,2
2682,521850,1
2683,521860,2
2684,521880,7
2685,521890,1
2686,521910,1
2687,521920,2
2688,521925,1
2689,521930,3
2690,521935,2
2691,521945,1
2692,521975,2
2693,522010,3
2694,522015,1
2695,522020,1
2696,522026,1
2697,522040,1
2698,522045,2
2699,522050,2
2700,522119,1
2701,522140,3
2702,522150,1
2703,522157,1
2704,522160,2
2705,522170,1
2706,522185,6
2707,522190,1
2708,522200,2
2710,530010,148
