,MUNCOD,Total
0,110001,5
1,110040,1
2,110002,8
3,110045,1
4,110004,4
5,110080,1
6,110094,1
7,110010,1
8,110011,1
9,110012,12
10,110013,1
11,110130,2
12,110014,3
13,110033,1
14,110015,6
15,110020,17
16,110025,1
17,110028,1
18,110149,2
19,110150,1
20,110030,6
21,120005,1
22,120020,4
23,120030,3
24,120034,1
25,120038,1
26,120040,18
27,120050,2
28,120060,3
29,130002,2
30,130020,1
31,130050,1
32,130060,4
33,130068,1
34,130115,2
35,130130,1
36,130140,1
37,130150,2
38,130170,1
39,130190,1
40,130260,92
41,130310,1
42,130350,1
43,130356,2
44,130360,4
45,130370,3
46,130380,9
47,130406,14
48,130420,3
49,130426,1
50,130430,1
51,140002,2
52,140010,16
53,140015,3
54,140017,2
55,140020,1
56,140030,3
57,140040,1
58,140045,1
59,140047,2
60,150010,2
61,150030,1
62,150034,1
63,150050,1
64,150060,3
65,150070,1
66,150080,14
67,150130,2
68,150140,35
69,150170,5
70,150172,1
71,150175,1
72,150180,7
73,150190,1
74,150195,1
75,150210,4
76,150215,3
77,150220,2
78,150240,9
79,150260,1
80,150270,3
81,150277,2
82,150280,1
83,150293,2
84,150295,1
85,150307,1
86,150309,2
87,150310,1
88,150350,3
89,150360,2
90,150370,4
91,150380,4
92,150405,4
93,150420,6
94,150442,3
95,150460,1
96,150480,1
97,150495,1
98,150497,1
99,150500,1
100,150506,2
101,150540,2
102,150543,2
103,150548,2
104,150550,5
105,150553,10
106,150613,2
107,150616,1
108,150618,7
109,150620,1
110,150650,2
111,150655,1
112,150658,1
113,150660,1
114,150670,1
115,150680,17
116,150700,1
117,150720,1
118,150730,5
119,150745,2
120,150760,1
121,150780,1
122,150795,1
123,150796,2
124,150800,1
125,150810,4
126,150830,1
127,150840,1
128,160010,2
129,160027,9
130,160030,15
131,160060,5
132,170030,1
133,170070,1
134,170100,1
135,170130,1
136,170200,1
137,170210,7
138,170215,1
139,170220,1
140,170360,1
141,170370,1
142,170384,2
143,170550,3
144,170560,1
145,170610,2
146,170650,1
147,170720,1
148,170730,3
149,170900,1
150,170930,3
151,170950,9
152,171050,2
153,171090,1
154,171150,1
155,171190,1
156,171195,1
157,171320,1
158,171330,1
159,171360,1
160,171430,1
161,171488,1
162,172100,11
163,171610,2
164,171620,1
165,171650,1
166,171660,1
167,171720,1
168,171780,1
169,171820,2
170,171880,1
171,171886,1
172,172000,1
173,172049,1
174,172080,1
175,172090,1
176,172097,1
177,172120,1
178,172208,1
179,172210,1
181,210005,4
182,210043,2
183,210047,1
184,210120,8
185,210125,1
186,210140,3
187,210160,5
188,210173,1
189,210200,1
190,210203,3
191,210230,1
192,210232,2
193,210270,2
194,210275,1
195,210280,1
196,210290,2
197,210300,6
198,210320,6
199,210330,1
200,210350,1
201,210360,1
202,210380,1
203,210407,1
204,210430,1
205,210460,1
206,210467,3
207,210480,1
208,210500,2
209,210530,7
210,210540,3
211,210542,1
212,210560,1
213,210570,1
214,210594,1
215,210640,1
216,210660,1
217,210675,1
218,210690,1
219,210700,1
220,210735,1
221,210750,4
222,210780,1
223,210790,1
224,210800,2
225,210820,2
226,210850,3
227,210860,6
228,210900,2
229,210923,1
230,210930,1
231,210950,2
232,210955,1
233,210960,1
234,210990,2
235,211000,2
236,211003,1
237,211020,2
238,211027,1
239,211040,1
240,211060,1
241,211110,3
242,211120,2
243,211125,2
244,211130,30
245,211140,1
246,211150,2
247,211160,1
248,211190,1
249,211195,1
250,211220,4
251,211230,2
252,211240,1
253,211250,1
254,211260,1
255,211270,1
256,211280,2
257,211290,2
258,211400,1
260,220005,1
261,220027,3
262,220040,3
263,220045,1
264,220050,3
265,220095,2
266,220110,2
267,220115,1
268,220117,3
269,220120,1
270,220130,1
271,220140,1
272,220150,5
273,220173,1
274,220177,1
275,220190,1
276,220191,1
277,220196,1
278,220200,2
279,220208,1
280,220217,1
281,220220,4
282,220230,1
283,220260,1
284,220271,1
285,220290,2
286,220330,1
287,220345,1
288,220370,1
289,220380,1
290,220385,1
291,220390,4
292,220400,1
293,220430,1
294,220440,1
295,220450,1
296,220455,1
297,220470,2
298,220490,2
299,220510,1
300,220525,1
301,220545,1
302,220550,1
303,220551,1
304,220556,1
305,220590,1
306,220605,1
307,220620,2
308,220650,2
309,220660,1
310,220665,1
311,220700,8
312,220770,5
313,220777,2
314,220780,3
315,220790,2
316,220800,7
317,220820,1
318,220830,1
319,220840,11
320,220880,2
321,220890,1
322,220910,2
323,220920,2
324,220930,1
325,220935,2
326,220940,1
327,220960,2
328,220970,1
329,220980,1
330,220990,1
331,221039,1
332,221040,1
333,221060,3
334,221063,1
335,221065,1
336,221070,2
337,221080,2
338,221097,1
339,221100,64
340,221110,2
341,221120,2
342,221130,2
343,221150,1
344,221160,1
345,230015,1
346,230020,5
347,230030,2
348,230040,1
349,230050,2
350,230070,3
351,230075,1
352,230080,1
353,230100,6
354,230110,1
355,230120,4
356,230125,1
357,230140,2
358,230160,3
359,230170,3
360,230185,3
361,230190,2
362,230195,1
363,230205,1
364,230210,1
365,230220,5
366,230230,3
367,230240,3
368,230250,5
369,230260,2
370,230270,1
371,230280,5
372,230300,1
373,230310,1
374,230320,1
375,230330,1
376,230340,1
377,230350,2
378,230360,2
379,230365,1
380,230370,18
381,230380,2
382,230393,2
383,230400,1
384,230410,10
385,230420,5
386,230423,1
387,230425,4
388,230426,1
389,230427,1
390,230428,1
391,230430,3
392,230435,1
393,230440,146
394,230460,1
395,230465,1
396,230470,2
397,230495,2
398,230500,5
399,230520,2
400,230523,2
401,230530,2
402,230533,5
403,230535,2
404,230540,7
405,230550,2
406,230560,4
407,230565,1
408,230580,5
409,230590,4
410,230600,2
411,230610,1
412,230625,3
413,230630,3
414,230640,3
415,230650,1
416,230655,2
417,230660,1
418,230670,3
419,230680,1
420,230690,2
421,230700,3
422,230710,4
423,230725,1
424,230730,16
425,230740,2
426,230750,3
427,230760,3
428,230763,2
429,230765,18
430,230770,7
431,230780,1
432,230790,1
433,230800,5
434,230810,3
435,230830,2
436,230835,1
437,230840,6
438,230850,3
439,230870,7
440,230880,1
441,230900,2
442,230910,1
443,230930,4
444,230940,2
445,230960,3
446,230970,2
447,231020,4
448,231025,1
449,231030,3
450,231050,4
451,231060,1
452,231070,2
453,231090,2
454,231110,1
455,231126,4
456,231130,9
457,231135,4
458,231140,3
459,231150,4
460,231160,4
461,231170,1
462,231180,1
463,231195,3
464,231200,1
465,231230,10
466,231240,2
467,231250,1
468,231260,1
469,231280,1
470,231290,11
471,231310,1
472,231325,1
473,231330,3
474,231335,1
475,231340,2
476,231350,2
477,231380,1
478,231390,1
479,231395,1
480,231400,4
481,231410,4
482,240020,2
483,240030,1
484,240040,1
485,240050,2
486,240080,1
487,240090,1
488,240100,6
489,240110,2
490,240130,1
491,240200,8
492,240210,1
493,240220,1
494,240230,3
495,240260,2
496,240290,1
497,240310,3
498,240320,1
499,240330,2
500,240340,1
501,240360,1
502,240400,1
503,240410,1
504,240420,2
505,240430,1
506,240450,1
507,240470,2
508,240485,1
509,240560,2
510,240580,2
511,240600,1
512,240610,1
513,240630,1
514,240650,2
515,240670,2
516,240690,1
517,240720,1
518,240800,22
519,240810,13
520,240830,3
521,240325,6
522,240940,4
523,240960,2
524,240980,1
525,241000,1
526,241020,3
527,241025,1
528,241040,1
529,241050,1
530,241080,1
531,240895,2
532,241110,1
533,241120,1
534,241140,2
535,241150,2
536,241210,2
537,241220,3
538,241240,3
539,241250,2
540,241260,1
541,241300,1
542,241335,1
543,241390,1
544,241440,1
545,241450,1
546,241475,1
547,250030,4
548,250040,4
549,250073,1
550,250077,1
551,250090,1
552,250140,1
553,250160,1
554,250180,6
555,250200,1
556,250215,1
557,250240,1
558,250350,1
559,250370,3
560,250390,1
561,250400,19
562,250430,1
563,250440,1
564,250450,1
565,250470,1
566,250480,2
567,250510,1
568,250523,1
569,250535,1
570,250540,1
571,250580,1
572,250600,1
573,250610,1
574,250630,3
575,250650,1
576,250660,1
577,250690,1
578,250700,1
579,250720,1
580,250740,1
581,250750,25
582,250760,1
583,250790,1
584,250830,6
585,250910,1
586,250933,1
587,250960,1
588,250970,1
589,251030,2
590,251080,6
591,251130,1
592,251140,1
593,251160,1
594,251200,1
595,251210,1
596,251230,2
597,251240,1
598,251250,3
599,251260,1
600,251270,1
601,251315,3
602,251370,2
603,251390,2
604,251394,1
605,251398,2
606,251400,1
607,251420,1
608,251500,2
609,251540,1
610,251530,4
611,251550,1
612,251580,1
613,251610,2
614,251620,5
615,251690,1
616,250550,1
617,260005,1
618,260010,2
619,260020,2
620,260030,1
621,260040,2
622,260050,3
623,260060,1
624,260080,3
625,260100,1
626,260110,7
627,260120,5
628,260140,1
629,260150,1
630,260170,5
631,260190,1
632,260200,4
633,260210,2
634,260220,3
635,260240,1
636,260260,1
637,260280,4
638,260290,3
639,260300,3
640,260310,3
641,260320,2
642,260340,4
643,260345,6
644,260370,3
645,260400,4
646,260410,22
647,260420,4
648,260450,1
649,260470,1
650,260490,1
651,260510,1
652,260515,4
653,260520,1
654,260560,1
655,260570,3
656,260580,2
657,260590,1
658,260600,4
659,260610,1
660,260620,1
661,260640,5
662,260690,1
663,260730,1
664,260770,4
665,260790,23
666,260810,2
667,260850,2
668,260845,2
669,260870,1
670,260880,4
671,260890,5
672,260900,3
673,260910,1
674,260915,1
675,260930,1
676,261430,2
677,260940,1
678,260950,1
679,260960,13
680,260970,1
681,260990,6
682,261000,1
683,261020,2
684,261030,1
685,261040,2
686,261050,1
687,261070,6
688,261080,2
689,261090,1
690,261100,2
691,261110,16
692,261130,1
693,261140,2
694,261160,50
695,261170,1
696,261180,1
697,261200,2
698,261220,1
699,261240,2
700,261247,1
701,261250,4
702,261255,2
703,261260,5
704,261300,2
705,261310,2
706,261330,3
707,261350,2
708,261360,5
709,261370,4
710,261380,5
711,261390,4
712,261440,1
713,261450,3
714,261460,2
715,261470,1
716,261510,1
717,261530,4
718,261560,1
719,261580,1
720,261610,2
721,261620,1
722,261640,6
724,270030,11
725,270070,1
726,270100,2
727,270130,1
728,270160,1
729,270170,1
730,270190,1
731,270210,1
732,270220,1
733,270230,2
734,270235,2
735,270240,1
736,270255,1
737,270290,2
738,270310,1
739,270320,1
740,270350,1
741,270410,1
742,270430,39
743,270440,1
744,270460,1
745,270470,3
746,270550,3
747,270570,1
748,270610,1
749,270630,1
750,270670,3
751,270720,1
752,270750,1
753,270760,1
754,270770,1
755,270830,1
756,270840,2
757,270860,3
758,270870,1
759,270890,1
760,270895,2
761,270910,1
762,270915,1
763,270920,2
764,270930,1
765,270940,2
766,280020,2
767,280030,28
768,280067,1
769,280100,1
770,280120,1
771,280130,1
772,280210,3
773,280290,3
774,280320,1
775,280330,1
776,280340,1
777,280350,6
778,280360,1
779,280390,1
780,280400,1
781,280430,2
782,280440,1
783,280450,4
784,280460,3
785,280480,3
786,280490,1
787,280520,1
788,280540,4
789,280550,3
790,280560,2
791,280570,3
792,280580,1
793,280590,1
794,280620,1
795,280630,1
796,280660,2
797,280670,7
798,280680,2
799,280710,5
800,280720,2
801,280730,1
802,280740,3
803,280750,1
805,290010,1
806,290040,1
807,290070,6
808,290080,1
809,290090,1
810,290100,3
811,290110,1
812,290135,1
813,290140,1
814,290195,1
815,290200,2
816,290210,1
817,290220,1
818,290240,1
819,290270,1
820,290290,1
821,290310,1
822,290330,1
823,290340,1
824,290370,1
825,290380,1
826,290390,1
827,290400,1
828,290430,1
829,290460,1
830,290475,2
831,290490,2
832,290515,1
833,290520,1
834,290550,2
835,290560,3
836,290570,3
837,290600,3
838,290630,1
839,290640,1
840,290670,1
841,290682,1
842,290685,1
843,290687,2
844,290700,1
845,290720,3
846,290730,4
847,290750,4
848,290780,4
849,290800,1
850,290810,1
851,290820,1
852,290840,2
853,290850,1
854,290860,2
855,290870,1
856,290880,1
857,290910,1
858,290960,1
859,290980,1
860,290990,1
861,291005,1
862,290050,2
863,291060,3
864,291070,3
865,291072,2
866,291075,1
867,291080,10
868,291120,3
869,291130,1
870,291170,4
871,291185,1
872,291190,1
873,291230,1
874,291240,2
875,291250,1
876,291300,2
877,291320,2
878,291340,1
879,291350,1
880,291360,8
881,291370,2
882,291390,1
883,291400,2
884,291420,1
885,291430,1
886,291440,1
887,291450,2
888,291460,4
889,291465,1
890,291480,9
891,291500,2
892,291535,2
893,291560,4
894,291600,2
895,291610,2
896,291620,2
897,291640,3
898,291650,2
899,291670,1
900,291680,1
901,291690,1
902,291700,4
903,291750,1
904,291760,6
905,291800,3
906,291810,1
907,291820,1
908,291840,6
909,291850,1
910,291900,1
911,291905,1
912,291920,2
913,291950,2
914,291980,2
915,291992,1
916,291995,1
917,292000,1
918,292010,2
919,292040,3
920,292050,1
921,292060,3
922,292080,1
923,292100,1
924,292105,3
925,292120,1
926,292150,2
927,292190,2
928,292240,1
929,292250,3
930,292260,2
931,292270,1
932,292280,1
933,292285,1
934,292290,2
935,292300,1
936,292305,1
937,292320,1
938,292335,1
939,292340,1
940,292370,1
941,292380,4
942,292400,3
943,292430,1
944,292450,1
945,292467,3
946,292500,2
947,292520,2
948,292530,4
949,292550,1
950,292560,2
951,292575,1
952,292590,1
953,292593,1
954,292600,4
955,292650,1
956,292665,1
957,292680,2
958,292710,1
959,292720,1
960,292730,1
961,292740,13
962,292750,1
963,292790,3
964,292810,2
965,292800,1
966,292860,2
967,292870,4
968,292880,1
969,292895,1
970,292910,1
971,292905,1
972,292940,1
973,292950,1
974,292960,2
975,292970,3
976,292980,1
977,292990,3
978,293020,1
979,293015,2
980,293030,1
981,293050,2
982,293060,1
983,293077,1
984,293080,1
985,293105,1
986,293120,2
987,293135,4
988,293150,3
989,293170,1
990,293180,1
991,293200,1
992,293220,1
993,293260,3
994,293270,2
995,293290,3
996,293300,1
997,293320,2
998,293325,1
999,293330,9
1001,310020,3
1002,310110,1
1003,310160,4
1004,310190,1
1005,310200,4
1006,310205,1
1007,310210,3
1008,310260,3
1009,310280,1
1010,310290,1
1011,310300,1
1012,310350,5
1013,310360,1
1014,310380,1
1015,310390,1
1016,310400,12
1017,310410,3
1018,310420,2
1019,310445,2
1020,310450,1
1021,310480,2
1022,310510,1
1023,310550,3
1024,310560,11
1025,310570,1
1026,310590,1
1027,310620,85
1028,310640,1
1029,310670,23
1030,310690,1
1031,310700,1
1032,310730,3
1033,310740,1
1034,310760,2
1035,310790,1
1036,310800,2
1037,310825,1
1038,310870,1
1039,310860,1
1040,310900,2
1041,310930,3
1042,310960,1
1043,310270,1
1044,311000,1
1045,311030,2
1046,311050,3
1047,311060,1
1048,311090,1
1049,311120,3
1050,311130,2
1051,311150,1
1052,311170,2
1053,311180,2
1054,311220,1
1055,311230,1
1056,311240,1
1057,311260,1
1058,311300,3
1059,311320,4
1060,311340,4
1061,311350,1
1062,311360,1
1063,311370,2
1064,311400,1
1065,311410,1
1066,311420,1
1067,311430,1
1068,311440,1
1069,311450,2
1070,311480,1
1071,311530,1
1072,311550,1
1073,311560,1
1074,311580,1
1075,311615,1
1076,311630,1
1077,311650,1
1078,311660,3
1079,311670,1
1080,311710,1
1081,311730,5
1082,311760,1
1083,311780,1
1084,311800,4
1085,311830,9
1086,311860,21
1087,311870,1
1088,311880,2
1089,311910,4
1090,311930,2
1091,311940,8
1092,311950,3
1093,311990,1
1094,311995,2
1095,312020,2
1096,312050,1
1097,312060,2
1098,312080,1
1099,312090,4
1100,312120,2
1101,312125,1
1102,312160,2
1103,312170,1
1104,312200,3
1105,312230,23
1106,312235,1
1107,312250,2
1108,312310,1
1109,312320,1
1110,312352,2
1111,312360,2
1112,312370,1
1113,312390,1
1114,312400,2
1115,312410,2
1116,312420,1
1117,312430,6
1118,312510,1
1119,312540,1
1120,312610,7
1121,312620,2
1122,312630,2
1123,312640,1
1124,312650,1
1125,312670,1
1126,312680,1
1127,312700,1
1128,312710,3
1129,312720,1
1130,312730,2
1131,312738,1
1132,312750,1
1133,312770,3
1134,312800,3
1135,312810,1
1136,312830,4
1137,312860,2
1138,312870,3
1139,312910,1
1140,312940,2
1141,312950,7
1142,312965,1
1143,312980,9
1144,313010,3
1145,313060,1
1146,313090,1
1147,313100,1
1148,313120,1
1149,313130,9
1150,313140,1
1151,313150,2
1152,313160,3
1153,313170,5
1154,313180,1
1155,313190,2
1156,313220,4
1157,313240,4
1158,313250,3
1159,313270,1
1160,313290,2
1161,313300,1
1162,313340,1
1163,313350,2
1164,313360,1
1165,313380,6
1166,313420,11
1167,313440,5
1168,313505,1
1169,313510,1
1170,313520,4
1171,313530,1
1172,313535,1
1173,313560,1
1174,313590,1
1175,313610,1
1176,313620,4
1177,313630,1
1178,313665,2
1179,313670,23
1180,313700,4
1181,313710,2
1182,313720,8
1183,313740,2
1184,313750,1
1185,313760,2
1186,313780,2
1187,313800,1
1188,313810,1
1189,313820,5
1190,313840,2
1191,313860,3
1192,313862,1
1193,313880,3
1194,313925,2
1195,313940,4
1196,313990,1
1197,314000,1
1198,314053,2
1199,314055,1
1200,314070,2
1201,314080,2
1202,314090,1
1203,314100,1
1204,314120,1
1205,314140,2
1206,314160,2
1207,314190,1
1208,314220,1
1209,314260,1
1210,314280,2
1211,314290,3
1212,314310,4
1213,314320,3
1214,314330,23
1215,314345,1
1216,314350,3
1217,314380,1
1218,314390,3
1219,314480,7
1220,314510,3
1221,314520,6
1222,313660,1
1223,314530,2
1224,314560,3
1225,314585,1
1226,314590,1
1227,314600,3
1228,314640,2
1229,314650,1
1230,314690,2
1231,314710,2
1232,314700,2
1233,314720,5
1234,314730,2
1235,314740,1
1236,314760,2
1237,314770,1
1238,314790,4
1239,314800,23
1240,314810,4
1241,314840,2
1242,314860,1
1243,314870,6
1244,314890,1
1245,314915,1
1246,314920,1
1247,314930,1
1248,314970,4
1249,314990,1
1250,315015,1
1251,315040,1
1252,315050,1
1253,315060,1
1254,315080,2
1255,315110,1
1256,315140,2
1257,315150,7
1258,315180,13
1259,315200,3
1260,315210,1
1261,315220,2
1262,315230,1
1263,315250,5
1264,315280,1
1265,315290,1
1266,315340,3
1267,315360,1
1268,315370,1
1269,315390,1
1270,315400,1
1271,315420,2
1272,315460,14
1273,315550,1
1274,315560,1
1275,315580,2
1276,315670,3
1277,315680,1
1278,315690,2
1279,315700,1
1280,315720,3
1281,315727,1
1282,315740,2
1283,315770,1
1284,315780,11
1285,315790,1
1286,315920,2
1287,315940,1
1288,315960,2
1289,315970,1
1290,315980,3
1291,315830,1
1292,315895,1
1293,315910,1
1294,316010,1
1295,316020,1
1296,316040,4
1297,316070,1
1298,316095,1
1299,316100,2
1300,316150,1
1301,316160,1
1302,316200,1
1303,316210,2
1304,316230,1
1305,316240,1
1306,316250,5
1307,316255,1
1308,316257,1
1309,316280,1
1310,316290,1
1311,316295,1
1312,316300,1
1313,316310,1
1314,316320,1
1315,316470,4
1316,316520,3
1317,316553,1
1318,316556,1
1319,316620,1
1320,316660,1
1321,316670,1
1322,316690,1
1323,316710,2
1324,316720,2
1325,316555,1
1326,316800,2
1327,316820,1
1328,316850,2
1329,316860,6
1330,316870,3
1331,316890,1
1332,316900,1
1333,316905,1
1334,316910,1
1335,316930,9
1336,316935,5
1337,316940,3
1338,316980,2
1339,316990,5
1340,317010,24
1341,317020,37
1342,317040,3
1343,317047,1
1344,317070,3
1345,317080,2
1346,317090,1
1347,317100,1
1348,317103,1
1349,317107,1
1350,317120,7
1351,317130,5
1352,317160,3
1353,317170,1
1354,317200,2
1355,320010,3
1356,320020,1
1357,320060,3
1358,320090,3
1359,320100,1
1360,320110,1
1361,320115,1
1362,320120,8
1363,320130,12
1364,320140,2
1365,320150,3
1366,320160,1
1367,320170,2
1368,320180,2
1369,320190,6
1370,320210,1
1371,320220,1
1372,320225,1
1373,320230,1
1374,320240,4
1375,320245,2
1376,320250,1
1377,320255,1
1378,320280,1
1379,320290,2
1380,320300,1
1381,320310,1
1382,320320,3
1383,320335,1
1384,320370,3
1385,320390,6
1386,320400,4
1387,320405,2
1388,320410,1
1389,320435,2
1390,320455,4
1391,320460,2
1392,320470,1
1393,320490,3
1394,320495,2
1395,320500,12
1396,320506,4
1397,320510,4
1398,320517,1
1399,320520,17
1400,320530,13
1401,330010,3
1402,330015,1
1403,330020,1
1404,330030,2
1405,330040,8
1406,330045,5
1407,330080,1
1408,330090,2
1409,330100,12
1410,330120,1
1411,330130,1
1412,330140,1
1413,330170,13
1414,330180,1
1415,330185,1
1416,330190,8
1417,330200,5
1418,330205,1
1419,330210,3
1420,330220,5
1421,330227,3
1422,330230,1
1423,330240,3
1424,330250,2
1425,330260,1
1426,330270,2
1427,330280,2
1428,330285,5
1429,330290,1
1430,330300,3
1431,330320,3
1432,330330,7
1433,330340,8
1434,330350,16
1435,330370,4
1436,330385,1
1437,330390,6
1438,330395,1
1439,330400,1
1440,330414,2
1441,330415,1
1442,330420,7
1443,330430,1
1444,330450,1
1445,330452,2
1446,330455,132
1447,330460,1
1448,330470,1
1449,330480,1
1450,330475,3
1451,330490,6
1452,330500,3
1453,330510,1
1454,330515,1
1455,330540,2
1456,330550,2
1457,330560,3
1458,330570,1
1459,330575,1
1460,330580,5
1461,330600,2
1462,330610,4
1463,330630,9
1465,350030,6
1466,350040,1
1467,350050,3
1468,350070,1
1469,350080,1
1470,350120,1
1471,350130,1
1472,350160,8
1473,350180,2
1474,350190,8
1475,350210,2
1476,350280,3
1477,350310,1
1478,350320,18
1479,350330,7
1480,350360,1
1481,350370,2
1482,350380,1
1483,350390,4
1484,350400,6
1485,350410,12
1486,350420,1
1487,350440,1
1488,350450,5
1489,350460,2
1490,350520,2
1491,350530,1
1492,350550,10
1493,350570,7
1494,350580,1
1495,350590,5
1496,350600,18
1497,350610,3
1498,350635,3
1499,350650,4
1500,350680,1
1501,350690,2
1502,350700,1
1503,350710,2
1504,350750,5
1505,350760,18
1506,350800,1
1507,350850,4
1508,350880,2
1509,350900,5
1510,350910,1
1511,350920,7
1512,350925,1
1513,350940,1
1514,350945,1
1515,350950,57
1516,350960,1
1517,350970,1
1518,350990,1
1519,351000,2
1520,351020,3
1521,351030,2
1522,351040,1
1523,351050,4
1524,351060,10
1525,351070,2
1526,351080,2
1527,351110,8
1528,351130,1
1529,351150,2
1530,351170,1
1531,355720,1
1532,351200,2
1533,351220,2
1534,351230,1
1535,351240,1
1536,351270,1
1537,351280,2
1538,351300,9
1539,351340,4
1540,351350,2
1541,351360,2
1542,351370,1
1543,351380,16
1544,351390,2
1545,351410,1
1546,351430,1
1547,351440,3
1548,351480,3
1549,351492,1
1550,351500,4
1551,351510,2
1552,351515,1
1553,351518,2
1554,355730,3
1555,351520,1
1556,351540,2
1557,351550,1
1558,351565,2
1559,351570,4
1560,351580,1
1561,351620,10
1562,351630,3
1563,351640,7
1564,351670,2
1565,351700,1
1566,351730,1
1567,351740,1
1568,351750,1
1569,351760,1
1570,351780,1
1571,351810,1
1572,351820,1
1573,351840,6
1574,351860,1
1575,351870,17
1576,351880,48
1577,351907,2
1578,351910,1
1579,351930,2
1580,351950,2
1581,351960,8
1582,351970,7
1583,352010,1
1584,352030,2
1585,352044,2
1586,352040,3
1587,352050,11
1588,352060,1
1589,352090,1
1590,352100,2
1591,352110,1
1592,352160,2
1593,352180,1
1594,352210,4
1595,352220,3
1596,352230,7
1597,352240,3
1598,352250,3
1599,352260,5
1600,352270,1
1601,352290,1
1602,352310,8
1603,352320,9
1604,352330,1
1605,352340,5
1606,352360,1
1607,352370,1
1608,352390,8
1609,352410,2
1610,352430,4
1611,352440,6
1612,352450,1
1613,352470,4
1614,352480,3
1615,352500,4
1616,352510,2
1617,352530,6
1618,352540,1
1619,352570,2
1620,352590,9
1621,352600,2
1622,352640,1
1623,352670,5
1624,352680,2
1625,352690,11
1626,352710,10
1627,352720,3
1628,352770,1
1629,352800,1
1630,352840,1
1631,352850,3
1632,352860,2
1633,352880,1
1634,352900,12
1635,352930,7
1636,352940,15
1637,352970,4
1638,352980,1
1639,353020,2
1640,353030,2
1641,353050,4
1642,353060,23
1643,353070,5
1644,353080,2
1645,353110,2
1646,353130,5
1647,353140,1
1648,353150,1
1649,353160,2
1650,353180,2
1651,353190,1
1652,353240,3
1653,353340,6
1654,353350,5
1655,353380,1
1656,353390,5
1657,353430,1
1658,353440,32
1659,353470,4
1660,353490,1
1661,353510,2
1662,353540,1
1663,353550,1
1664,353580,2
1665,353600,1
1666,353610,1
1667,353650,2
1668,353670,2
1669,353680,1
1670,353700,1
1671,353710,4
1672,353720,1
1673,353730,3
1674,353740,1
1675,353750,2
1676,353760,4
1677,353780,4
1678,353790,1
1679,353800,5
1680,353810,1
1681,353820,2
1682,353830,1
1683,353850,1
1684,353860,1
1685,353870,28
1686,353880,3
1687,353890,1
1688,353910,1
1689,353930,3
1690,353940,1
1691,353980,6
1692,354000,3
1693,354020,1
1694,354050,2
1695,354060,1
1696,354070,3
1697,354090,1
1698,354100,14
1699,354110,1
1700,354120,3
1701,354130,1
1702,354140,10
1703,354150,3
1704,354170,1
1705,354190,1
1706,354220,3
1707,354260,4
1708,354300,1
1709,354320,1
1710,354330,3
1711,354340,30
1712,354380,2
1713,354390,17
1714,354410,1
1715,354420,1
1716,354480,1
1717,354520,3
1718,354530,4
1719,354570,1
1720,354580,5
1721,354600,1
1722,354640,3
1723,354660,1
1724,354680,1
1725,354690,1
1726,354750,9
1727,354760,1
1728,354720,1
1729,354730,1
1730,354770,1
1731,354780,25
1732,354790,1
1733,354800,2
1734,354840,1
1735,354850,15
1736,354870,26
1737,354880,3
1738,354890,14
1739,354910,8
1740,354925,1
1741,354930,1
1742,354940,3
1743,354970,2
1744,354980,20
1745,354990,9
1746,355010,7
1747,355030,500
1748,355060,6
1749,355070,1
1750,355080,1
1751,355090,1
1752,355100,15
1753,355120,1
1754,355160,6
1755,355170,7
1756,355180,3
1757,355210,3
1758,355220,30
1759,355240,12
1760,355255,1
1761,355250,14
1762,355260,2
1763,355280,4
1764,355300,1
1765,355330,2
1766,355340,2
1767,355350,1
1768,355370,6
1769,355385,1
1770,355395,1
1771,355400,4
1772,355410,5
1773,355430,1
1774,355440,1
1775,355465,1
1776,355480,2
1777,355490,1
1778,355500,4
1779,355510,1
1780,355540,2
1781,355610,2
1782,355620,4
1783,355640,2
1784,355645,2
1785,355650,2
1786,355660,2
1787,355670,2
1788,355700,3
1789,355710,3
1791,410010,1
1792,410030,1
1793,410040,5
1794,410045,1
1795,410060,1
1796,410070,3
1797,410050,1
1798,410110,2
1799,410130,2
1800,410140,8
1801,410150,4
1802,410160,3
1803,410170,2
1804,410180,7
1805,410185,1
1806,410190,2
1807,410200,2
1808,410210,1
1809,410240,1
1810,410250,1
1811,410260,1
1812,410280,1
1813,410290,2
1814,410304,2
1815,410322,1
1816,410360,4
1817,410370,2
1818,410390,3
1819,410400,1
1820,410410,1
1821,410420,3
1822,410425,1
1823,410430,4
1824,410440,1
1825,410442,2
1826,410445,2
1827,410450,2
1828,410460,2
1829,410470,3
1830,410480,12
1831,410490,3
1832,410500,1
1833,410510,1
1834,410530,1
1835,410540,5
1836,410550,3
1837,410560,1
1838,410570,3
1839,410580,4
1840,410590,4
1841,410610,1
1842,410620,2
1843,410630,3
1844,410640,2
1845,410645,1
1846,410650,4
1847,410655,1
1848,410680,4
1849,410660,2
1850,410670,1
1851,410685,1
1852,410690,76
1853,410715,1
1854,410720,5
1855,412863,1
1856,410750,2
1857,410760,3
1858,410765,2
1859,410770,1
1860,410790,1
1861,410820,3
1862,410830,13
1863,410840,2
1864,410860,2
1865,410880,1
1866,410895,1
1867,410930,1
1868,410940,11
1869,410960,5
1870,410970,1
1871,411000,1
1872,411060,2
1873,411070,5
1874,411095,2
1875,411100,1
1876,411110,1
1877,411120,1
1878,411130,1
1879,411140,1
1880,411150,1
1881,411155,1
1882,411180,3
1883,411190,2
1884,411200,3
1885,411210,2
1886,411230,1
1887,411290,1
1888,411295,1
1889,411320,3
1890,411330,2
1891,411340,1
1892,411370,22
1893,411373,1
1894,411390,2
1895,411400,1
1896,411410,2
1897,411440,5
1898,411460,5
1899,411480,1
1900,411490,1
1901,411520,13
1902,411530,1
1903,411540,1
1904,411570,2
1905,411573,1
1906,411580,3
1907,411605,2
1908,411610,3
1909,411630,1
1910,411670,1
1911,411680,2
1912,411690,2
1913,411695,2
1914,411700,1
1915,411705,2
1916,411720,1
1917,411725,1
1918,411722,2
1919,411727,1
1920,411730,1
1921,411750,1
1922,411760,3
1923,411770,1
1924,411780,1
1925,411790,2
1926,411800,1
1927,411820,6
1928,411840,3
1929,411845,1
1930,411850,7
1931,411890,1
1932,411915,6
1933,411930,3
1934,411940,2
1935,411950,2
1936,411960,1
1937,411980,2
1938,411990,26
1939,412020,1
1940,412030,1
1941,412035,1
1942,412060,7
1943,412085,1
1944,412090,2
1945,412120,2
1946,412125,1
1947,412140,2
1948,412150,1
1949,412170,2
1950,412180,1
1951,412190,1
1952,412200,2
1953,412210,1
1954,412217,2
1955,412220,2
1956,412230,1
1957,412240,2
1958,412260,1
1959,412350,3
1960,412382,1
1961,412385,1
1962,412405,2
1963,412400,1
1964,412410,3
1965,412440,1
1966,412480,2
1967,412500,1
1968,412510,1
1969,412520,2
1970,412540,1
1971,412550,12
1972,412560,2
1973,412570,2
1974,412575,1
1975,412600,1
1976,412620,2
1977,412625,1
1978,412630,2
1979,412660,1
1980,412665,1
1981,412667,2
1982,412670,1
1983,412680,1
1984,412710,1
1985,412740,3
1986,412750,4
1987,412760,1
1988,412770,14
1989,412780,2
1990,412796,4
1991,412800,3
1992,412810,4
1993,412820,2
1994,412830,1
1995,412855,1
1996,412860,1
1997,412850,4
1999,420010,4
2000,420030,1
2001,420040,1
2002,420060,1
2003,420090,1
2004,420127,3
2005,420130,1
2006,420140,9
2007,420190,1
2008,420195,2
2009,420205,1
2010,420200,6
2011,420207,1
2012,421280,2
2013,420209,1
2014,420210,1
2015,420215,1
2016,420220,1
2017,420230,2
2018,420240,21
2019,420253,1
2020,420245,2
2021,420270,2
2022,420280,4
2023,420285,1
2024,420290,6
2025,420300,5
2026,420320,3
2027,420330,1
2028,420340,1
2029,420350,2
2030,420360,6
2031,420370,2
2032,420380,6
2033,420390,4
2034,420400,1
2035,420420,12
2036,420425,2
2037,420430,8
2038,420450,1
2039,420460,9
2040,420470,3
2041,420480,2
2042,420490,1
2043,420500,2
2044,420510,1
2045,420520,1
2046,420530,1
2047,420540,21
2048,420543,1
2049,420545,1
2050,420550,5
2051,420555,1
2052,420570,1
2053,420580,1
2054,420590,4
2055,420610,1
2056,420620,4
2057,420630,2
2058,420640,1
2059,420650,4
2060,420665,1
2061,420670,2
2062,420690,2
2063,420700,3
2064,420710,3
2065,420720,1
2066,420730,2
2067,420740,1
2068,420750,2
2069,420768,1
2070,420770,3
2071,420775,2
2072,420780,4
2073,420800,1
2074,420810,4
2075,420820,6
2076,420830,2
2077,420840,4
2078,420845,1
2079,420850,2
2080,420870,3
2081,420890,4
2082,420895,1
2083,420900,4
2084,420910,28
2085,420915,1
2086,420930,10
2087,420940,5
2088,420950,3
2089,420990,1
2090,421000,2
2091,421010,6
2092,421050,1
2093,421060,5
2094,421080,1
2095,421100,2
2096,421105,1
2097,421130,7
2098,421150,3
2099,421160,2
2100,421170,1
2101,421175,1
2102,421190,9
2103,421200,4
2104,421210,2
2105,421225,1
2106,421250,2
2107,421270,2
2108,421290,1
2109,421310,1
2110,421320,2
2111,421330,1
2112,421335,1
2113,421360,2
2114,421370,3
2115,421400,3
2116,421410,1
2117,421420,2
2118,421450,1
2119,421480,10
2120,421490,1
2121,421500,1
2122,421505,2
2123,421507,1
2124,421510,1
2125,421535,1
2126,421545,1
2127,421550,2
2128,421560,1
2129,421567,2
2130,421570,3
2131,421580,6
2132,421600,1
2133,421610,1
2134,421620,2
2135,421630,4
2136,421640,1
2137,421650,3
2138,421660,7
2139,421670,1
2140,421680,2
2141,421690,4
2142,421710,1
2143,421720,7
2144,421725,1
2145,421730,3
2146,421740,1
2147,421750,3
2148,421775,2
2149,421780,2
2150,421790,1
2151,421800,5
2152,421810,2
2153,421820,5
2154,421830,2
2155,421870,5
2156,421875,1
2157,421880,2
2158,421890,1
2159,421900,2
2160,421920,1
2161,421930,2
2162,421950,3
2163,421960,1
2164,421970,2
2165,430010,7
2166,430020,1
2167,430030,5
2168,430040,9
2169,430045,1
2170,430060,10
2171,430063,4
2172,430064,2
2173,430080,1
2174,430085,1
2175,430090,2
2176,430100,2
2177,430107,1
2178,430105,1
2179,430120,2
2180,430110,5
2181,430130,1
2182,430140,1
2183,430150,1
2184,430160,8
2185,430163,2
2186,430165,1
2187,430170,1
2188,430185,2
2189,430180,1
2190,430200,1
2191,430210,13
2192,430215,1
2193,430223,1
2194,430235,2
2195,430240,1
2196,430245,2
2197,430250,2
2198,430270,1
2199,430280,5
2200,430290,3
2201,430300,8
2202,430310,11
2203,430330,1
2204,430340,2
2205,430350,4
2206,430360,1
2207,430370,2
2208,430380,1
2209,430390,5
2210,430410,1
2211,430420,4
2212,430430,2
2213,430435,1
2214,430440,5
2215,430450,15
2216,430460,16
2217,430461,2
2218,430463,4
2219,430466,2
2220,430470,6
2221,430480,3
2222,430485,1
2223,430490,1
2224,430495,1
2225,430500,1
2226,430510,45
2227,430512,1
2228,430515,2
2229,430520,2
2230,430535,3
2231,430540,2
2232,430543,1
2233,430544,1
2234,430545,1
2235,430580,3
2236,430585,1
2237,430590,1
2238,430595,1
2239,430600,3
2240,430607,1
2241,430610,10
2242,430613,1
2243,430620,3
2244,430630,1
2245,430640,4
2246,430660,2
2247,430655,1
2248,430670,1
2249,430676,5
2250,430680,3
2251,430690,8
2252,430693,1
2253,430697,2
2254,430700,15
2255,430720,1
2256,430730,1
2257,430745,1
2258,430750,1
2259,430755,1
2260,430760,4
2261,430770,3
2262,430780,3
2263,430790,4
2264,430800,1
2265,430820,1
2266,430830,1
2267,430840,1
2268,430843,2
2269,430845,2
2270,430850,5
2271,430860,2
2272,430865,1
2273,430870,2
2274,430880,2
2275,430890,5
2276,430900,1
2277,430905,3
2278,430915,1
2279,430920,13
2280,430930,3
2281,430940,2
2282,430950,4
2283,430710,3
2284,430960,4
2285,430975,1
2286,430995,1
2287,431000,5
2288,431010,3
2289,431020,9
2290,431033,1
2291,431036,1
2292,431050,2
2293,431060,3
2294,431070,2
2295,431080,3
2296,431085,1
2297,431090,1
2298,431100,5
2299,431110,3
2300,431113,1
2301,431115,3
2302,431120,3
2303,431123,2
2304,431130,7
2305,431125,2
2306,431140,10
2307,431150,1
2308,431160,2
2309,431162,1
2310,431175,2
2311,431177,3
2312,431179,1
2313,431180,5
2314,431200,1
2315,431205,2
2316,431210,1
2317,431217,1
2318,431235,1
2319,431237,1
2320,431240,4
2321,431245,2
2322,431247,1
2323,431262,1
2324,431265,2
2325,431270,1
2326,431280,1
2327,431290,1
2328,431295,1
2329,431300,1
2330,431303,1
2331,431306,2
2332,431310,1
2333,431320,5
2334,431330,2
2335,431335,1
2336,431337,1
2337,431339,1
2338,431340,19
2339,431342,1
2340,431350,5
2341,431365,2
2342,431370,5
2343,431390,1
2344,431395,1
2345,431400,1
2346,431402,2
2347,431405,2
2348,431406,1
2349,431410,25
2350,431413,1
2351,431415,2
2352,431430,1
2353,431440,38
2354,431442,3
2355,431447,1
2356,431450,2
2357,431455,1
2358,431460,4
2359,431470,2
2360,431475,1
2361,431478,1
2362,431480,6
2363,431490,98
2364,431500,1
2365,431505,1
2366,431510,4
2367,431514,1
2368,431515,1
2369,431520,1
2370,431530,3
2371,431540,1
2372,431545,1
2373,431550,2
2374,431555,2
2375,431560,22
2376,431570,4
2377,431580,3
2378,431590,2
2379,431595,1
2380,431610,2
2381,431620,1
2382,431640,4
2383,431650,1
2384,431660,4
2385,431710,14
2386,431670,2
2387,431680,9
2388,431690,25
2389,431720,6
2390,431730,4
2391,431740,8
2392,431750,6
2393,431760,5
2394,431770,3
2395,431775,2
2396,431780,1
2397,431790,2
2398,431800,10
2399,431805,1
2400,431810,2
2401,431820,3
2402,431830,6
2403,431840,3
2404,431842,1
2405,431850,1
2406,431870,14
2407,431880,8
2408,431890,5
2409,431900,2
2410,431910,2
2411,431912,1
2412,431915,1
2413,431930,4
2414,431935,1
2415,431937,1
2416,431940,7
2417,431950,2
2418,431960,4
2419,431980,5
2420,431990,6
2421,432000,8
2422,432010,3
2423,432020,1
2424,432023,1
2425,432030,1
2426,432035,1
2427,432040,3
2428,432045,1
2429,432055,1
2430,432057,1
2431,432067,2
2432,432070,1
2433,432080,3
2434,432090,1
2435,432100,3
2436,432120,8
2437,432130,3
2438,432135,2
2439,432140,3
2440,432143,1
2441,432145,1
2442,432146,1
2443,432147,3
2444,432149,2
2445,432150,3
2446,432160,6
2447,432162,1
2448,432163,1
2449,432166,1
2450,432170,2
2451,432180,6
2452,432185,2
2453,432195,2
2454,432200,4
2455,432220,3
2456,432230,1
2457,432235,2
2458,432240,10
2459,432250,9
2460,432253,3
2461,432260,19
2462,432270,4
2463,432280,4
2464,432290,4
2465,432300,21
2466,432320,1
2467,432340,2
2468,432377,1
2469,432380,2
2470,500020,1
2471,500060,18
2472,500070,1
2473,500090,1
2474,500100,1
2475,500110,1
2476,500124,1
2477,500190,2
2478,500200,2
2479,500210,3
2480,500230,1
2481,500240,2
2482,500260,2
2483,500270,37
2484,500290,3
2485,500295,1
2486,500315,8
2487,500320,5
2488,500325,3
2489,500330,1
2490,500345,2
2491,500348,1
2492,500350,1
2493,500370,24
2494,500375,4
2495,500430,1
2496,500450,3
2497,500480,6
2498,500500,2
2499,500515,1
2500,500520,2
2501,500525,2
2502,500540,2
2503,500568,4
2504,500570,3
2505,500625,1
2506,500630,2
2507,500635,4
2508,500660,3
2509,500710,3
2510,500720,1
2511,500740,2
2512,500769,1
2513,500790,2
2514,500795,4
2515,500830,7
2516,510020,1
2517,510025,2
2518,510030,4
2519,510040,1
2520,510050,2
2521,510060,1
2522,510080,1
2523,510125,2
2524,510170,2
2525,510180,7
2526,510190,1
2527,510250,10
2528,510260,2
2529,510263,2
2530,510267,1
2531,510268,1
2532,510270,1
2533,510285,3
2534,510300,2
2535,510305,1
2536,510310,1
2537,510320,2
2538,510335,2
2539,510340,20
2540,510350,1
2541,510360,1
2542,510395,1
2543,510420,1
2544,510460,2
2545,510480,1
2546,510510,2
2547,510515,3
2548,510525,4
2549,510562,7
2550,510590,1
2551,510615,1
2552,510618,2
2553,510895,1
2554,510622,2
2555,510623,4
2556,510624,1
2557,510625,1
2558,510629,1
2559,510630,2
2560,510637,2
2561,510642,1
2562,510645,1
2563,510650,1
2564,510665,1
2565,510675,1
2566,510680,1
2567,510682,1
2568,510685,2
2569,510700,1
2570,510704,3
2571,510706,2
2572,510760,12
2573,510775,1
2574,510780,1
2575,510735,1
2576,510710,1
2577,510787,1
2578,510790,9
2579,510792,2
2580,510795,4
2581,510800,1
2582,510810,1
2583,510840,12
2584,510850,3
2585,510860,1
2587,520005,1
2588,520010,1
2589,520017,1
2590,520020,1
2591,520025,8
2592,520030,1
2593,520080,1
2594,520090,1
2595,520110,21
2596,520130,2
2597,520140,20
2598,520145,1
2599,520170,3
2600,520180,1
2601,520235,2
2602,520260,2
2603,520280,1
2604,520310,1
2605,520320,2
2606,520330,5
2607,520350,1
2608,520390,1
2609,520393,1
2610,520425,2
2611,520430,1
2612,520440,2
2613,520450,3
2614,520480,2
2615,520490,1
2616,520495,1
2617,520500,1
2618,520510,6
2619,520530,1
2620,520540,1
2621,520549,1
2622,520580,1
2623,520620,4
2624,520640,2
2625,520735,1
2626,520753,1
2627,520760,1
2628,520790,1
2629,520800,6
2630,520840,1
2631,520860,4
2632,520870,78
2633,520880,1
2634,520910,3
2635,520920,1
2636,520970,2
2637,520980,1
2638,521000,3
2639,521010,4
2640,521015,1
2641,521020,2
2642,521040,4
2643,521056,1
2644,521120,1
2645,521130,1
2646,521140,1
2647,521150,6
2648,521180,6
2649,521190,7
2650,521210,2
2651,521250,7
2652,521300,1
2653,521308,1
2654,521310,12
2655,521350,1
2656,521370,1
2657,521380,5
2658,521400,2
2659,521450,2
2660,521460,2
2661,521487,1
2662,521520,1
2663,521523,2
2664,521530,1
2665,521560,2
2666,521570,2
2667,521630,1
2668,521640,1
2669,521680,2
2670,521710,3
2671,521720,1
2672,521730,1
2673,521740,4
2674,521760,6
2675,521770,3
2676,521800,2
2677,521830,1
2678,521850,2
2679,521880,7
2680,521890,3
2681,521910,1
2682,521920,1
2683,521930,3
2684,521960,1
2685,521970,2
2686,521971,1
2687,521975,2
2688,522010,2
2689,522020,3
2690,522040,1
2691,522045,1
2692,522060,2
2693,522068,3
2694,522130,1
2695,522140,9
2696,522157,1
2697,522160,4
2698,522170,3
2699,522180,1
2700,522185,2
2701,522190,1
2702,522200,1
2703,522220,3
2705,530010,117
