,MUNCOD,Total
0,110001,2
1,110037,2
2,110034,1
3,110002,6
4,110045,4
5,110003,1
6,110060,1
7,110004,9
8,110080,4
9,110090,1
10,110005,2
11,110009,1
12,110100,1
13,110010,1
14,110110,1
15,110011,1
16,110012,7
17,110013,1
18,110014,3
19,110143,1
20,110015,2
21,110018,4
22,110020,29
23,110025,1
24,110028,5
25,110150,3
26,110170,3
27,110180,1
28,110030,4
30,120001,1
31,120020,11
32,120025,1
33,120030,1
34,120032,1
35,120033,1
36,120034,4
37,120038,1
38,120080,4
39,120039,1
40,120040,19
41,120042,1
42,120050,2
43,120045,1
44,120060,5
45,120070,2
46,130002,2
47,130006,3
48,130014,2
49,130020,2
50,130030,4
51,130050,1
52,130060,8
53,130080,3
54,130100,3
55,130120,2
56,130130,1
57,130140,6
58,130150,1
59,130165,1
60,130170,4
61,130180,1
62,130185,4
63,130190,1
64,130220,2
65,130250,5
66,130255,1
67,130260,90
68,130270,2
69,130300,1
70,130310,2
71,130340,2
72,130370,2
73,130380,15
74,130390,4
75,130395,1
76,130406,9
77,130410,1
78,130420,6
79,130423,1
80,130426,1
81,140005,3
82,140002,5
83,140010,36
84,140017,2
85,140020,4
86,140023,1
87,140040,1
88,140047,1
89,140050,1
90,140070,5
91,150010,3
92,150013,1
93,150020,1
94,150030,5
95,150040,1
96,150050,1
97,150060,6
98,150080,6
99,150085,3
100,150095,1
101,150100,1
102,150110,1
103,150120,3
104,150125,1
105,150140,35
106,150145,1
107,150157,1
108,150170,5
109,150178,2
110,150180,2
111,150210,1
112,150215,4
113,150220,1
114,150230,1
115,150240,3
116,150250,1
117,150270,4
118,150275,1
119,150290,2
120,150293,2
121,150295,1
122,150307,4
123,150310,2
124,150320,3
125,150330,1
126,150350,1
127,150360,9
128,150370,1
129,150375,2
130,150380,4
131,150390,4
132,150400,1
133,150410,1
134,150420,10
135,150440,1
136,150442,3
137,150470,1
138,150475,0
139,150480,3
140,150495,1
141,150503,3
142,150506,7
143,150510,1
144,150520,3
145,150530,1
146,150540,1
147,150543,2
148,150548,2
149,150550,4
150,150553,15
151,150570,1
152,150580,4
153,150590,1
154,150600,3
155,150613,3
156,150616,1
157,150618,1
158,150619,2
159,150620,2
160,150630,2
161,150650,1
162,150658,1
163,150660,1
164,150680,22
165,150690,1
166,150710,1
167,150720,2
168,150730,1
169,150745,2
170,150760,6
171,150770,2
172,150775,1
173,150795,3
174,150800,4
175,150808,2
176,150810,5
177,150815,2
178,150830,2
179,150835,4
180,160023,1
181,160027,3
182,160030,24
183,160040,1
184,160015,1
185,160060,6
186,170030,1
187,170040,2
188,170070,1
189,170130,2
190,170190,3
191,170210,11
192,170220,1
193,170240,1
194,170255,2
195,170290,2
196,170310,1
197,170380,1
198,170386,1
199,170390,1
200,170550,3
201,170610,2
202,170700,1
203,170720,2
204,170755,1
205,170820,1
206,170825,1
207,170900,1
208,170930,2
209,170950,4
210,171050,1
211,171110,1
212,171150,1
213,171190,5
214,171195,1
215,171200,1
216,171320,3
217,171330,3
218,172100,12
219,171380,1
220,171610,4
221,171620,2
222,171650,1
223,171720,1
224,171750,2
225,171780,2
226,171820,3
227,172010,1
228,172020,1
229,172049,1
230,172090,3
231,172120,2
232,172210,1
233,210005,8
234,210010,1
235,210043,3
236,210055,1
237,210060,2
238,210070,1
239,210080,3
240,210090,1
241,210095,1
242,210100,1
243,210110,1
244,210120,7
245,210130,2
246,210140,13
247,210160,3
248,210170,5
249,210177,1
250,210193,1
251,210203,4
252,210207,1
253,210210,2
254,210215,1
255,210230,2
256,210232,1
257,210240,1
258,210255,2
259,210275,1
260,210280,3
261,210290,1
262,210300,13
263,210320,5
264,210330,4
265,210340,3
266,210350,5
267,210355,1
268,210360,3
269,210370,3
270,210380,1
271,210400,1
272,210405,3
273,210420,2
274,210430,1
275,210440,1
276,210460,1
277,210467,2
278,210470,1
279,210480,1
280,210530,12
281,210540,1
282,210545,2
283,210547,1
284,210550,2
285,210560,2
286,210570,1
287,210580,1
288,210590,1
289,210596,1
290,210598,2
291,210650,1
292,210660,3
293,210670,1
294,210680,3
295,210690,1
296,210700,2
297,210750,2
298,210770,1
299,210780,1
300,210800,3
301,210810,1
302,210820,2
303,210825,1
304,210850,1
305,210860,4
306,210870,1
307,210900,3
308,210910,1
309,210923,1
310,210927,1
311,210940,1
312,210945,3
313,210950,2
314,210960,1
315,210975,2
316,210980,1
317,210990,1
318,211000,5
319,211003,1
320,211020,2
321,211050,3
322,211070,2
323,211100,2
324,211102,1
325,211105,3
326,211110,1
327,211120,4
328,211130,36
329,211150,1
330,211170,2
331,211176,1
332,211180,1
333,211190,1
334,211200,1
335,211210,1
336,211220,16
337,211223,4
338,211230,2
339,211290,3
340,211300,3
341,211400,1
343,220005,1
344,220010,1
345,220020,3
346,220025,3
347,220030,2
348,220040,2
349,220050,1
350,220060,1
351,220080,1
352,220105,2
353,220110,1
354,220115,1
355,220120,2
356,220130,1
357,220150,5
358,220155,1
359,220160,3
360,220170,1
361,220190,1
362,220191,1
363,220192,1
364,220198,1
365,220200,2
366,220208,1
367,220220,5
368,220230,5
369,220240,1
370,220260,5
371,220270,2
372,220271,3
373,220275,1
374,220277,1
375,220285,1
376,220290,2
377,220300,1
378,220310,2
379,220320,1
380,220323,2
381,220327,4
382,220325,1
383,220330,2
384,220340,1
385,220345,3
386,220350,1
387,220385,1
388,220390,11
389,220410,1
390,220435,1
391,220450,5
392,220465,1
393,220470,2
394,220480,1
395,220490,1
396,220500,1
397,220510,2
398,220520,2
399,220527,1
400,220540,4
401,220551,1
402,220553,1
403,220555,1
404,220558,1
405,220570,2
406,220580,2
407,220590,3
408,220595,1
409,220605,2
410,220610,2
411,220650,2
412,220660,2
413,220672,1
414,220700,6
415,220720,3
416,220750,1
417,220760,1
418,220770,13
419,220777,1
420,220780,2
421,220785,1
422,220790,3
423,220800,15
424,220820,3
425,220830,6
426,220840,8
427,220850,2
428,220860,2
429,220865,1
430,220880,3
431,220887,1
432,220900,1
433,220910,3
434,220915,1
435,220920,1
436,220937,4
437,220935,1
438,220950,1
439,220965,1
440,220980,1
441,220990,2
442,220995,2
443,221000,5
444,221005,1
445,221020,1
446,221030,1
447,221040,1
448,221050,1
449,221063,1
450,221065,1
451,221070,1
452,221080,3
453,221100,70
454,221110,2
455,221130,1
456,221135,1
457,221160,2
459,230015,1
460,230020,2
461,230030,6
462,230060,1
463,230070,1
464,230075,1
465,230090,1
466,230100,3
467,230110,5
468,230120,1
469,230140,2
470,230150,1
471,230160,2
472,230190,4
473,230195,3
474,230205,1
475,230210,7
476,230220,6
477,230230,1
478,230240,12
479,230250,4
480,230260,4
481,230270,3
482,230280,4
483,230290,1
484,230310,1
485,230320,2
486,230330,2
487,230340,1
488,230350,4
489,230360,1
490,230370,17
491,230380,3
492,230390,2
493,230395,1
494,230410,7
495,230420,7
496,230423,3
497,230425,2
498,230427,2
499,230428,2
500,230430,2
501,230435,4
502,230440,147
503,230445,1
504,230460,2
505,230465,1
506,230470,6
507,230500,3
508,230520,2
509,230523,2
510,230526,3
511,230530,2
512,230533,1
513,230540,9
514,230550,11
515,230580,4
516,230590,3
517,230600,3
518,230625,2
519,230630,4
520,230640,5
521,230655,2
522,230660,3
523,230670,1
524,230690,2
525,230700,4
526,230710,2
527,230730,12
528,230740,2
529,230750,6
530,230760,1
531,230763,4
532,230765,12
533,230770,5
534,230780,3
535,230800,2
536,230810,4
537,230830,1
538,230835,1
539,230837,3
540,230840,4
541,230870,3
542,230890,1
543,230920,3
544,230930,5
545,230945,1
546,230950,3
547,230960,4
548,230970,3
549,230980,5
550,231000,1
551,231020,3
552,231025,3
553,231030,3
554,231040,1
555,231050,6
556,231070,3
557,231080,1
558,231085,2
559,231090,2
560,231095,1
561,231100,1
562,231120,1
563,231126,1
564,231130,6
565,231140,6
566,231160,3
567,231180,5
568,231220,1
569,231200,7
570,231210,2
571,231230,5
572,231240,5
573,231250,1
574,231270,4
575,231280,1
576,231290,12
577,231310,5
578,231320,2
579,231325,1
580,231330,5
581,231335,2
582,231340,5
583,231350,2
584,231355,1
585,231360,3
586,231380,1
587,231390,2
588,231395,3
589,231400,7
590,231410,11
591,240010,1
592,240020,5
593,240030,1
594,240100,4
595,240110,5
596,240120,1
597,240145,3
598,240165,1
599,240170,3
600,240180,1
601,240185,1
602,240200,23
603,240210,1
604,240230,2
605,240260,2
606,240300,2
607,240310,4
608,240320,1
609,240330,1
610,240370,1
611,240410,1
612,240420,2
613,240450,1
614,240470,1
615,240485,1
616,240490,1
617,240560,1
618,240570,2
619,240600,1
620,240610,2
621,240640,1
622,240660,1
623,240670,1
624,240680,1
625,240700,2
626,240710,3
627,240725,1
628,240730,1
629,240740,1
630,240790,1
631,240800,10
632,240810,31
633,240820,1
634,240830,1
635,240860,1
636,240890,1
637,240325,8
638,240930,2
639,240940,5
640,240980,1
641,241000,1
642,241020,1
643,241050,1
644,241120,2
645,241140,1
646,241150,1
647,241180,1
648,241200,5
649,241210,1
650,241220,2
651,241230,2
652,241250,1
653,241270,2
654,241360,2
655,241410,1
656,241105,1
657,241420,4
658,241440,1
659,241460,1
660,250010,1
661,250020,3
662,250030,2
663,250040,2
664,250050,1
665,250077,1
666,250100,2
667,250110,1
668,250115,1
669,250120,2
670,250150,2
671,250157,1
672,250180,3
673,250190,1
674,250230,1
675,250270,1
676,250280,2
677,250300,1
678,250320,4
679,250330,2
680,250340,1
681,250355,1
682,250370,3
683,250400,11
684,250420,1
685,250430,3
686,250435,1
687,250440,5
688,250460,1
689,250470,1
690,250480,1
691,250500,1
692,250510,1
693,250520,1
694,250590,1
695,250600,1
696,250620,1
697,250630,2
698,250640,1
699,250660,1
700,250680,1
701,250690,2
702,250700,2
703,250710,1
704,250750,21
705,250770,1
706,250800,1
707,250830,2
708,250840,1
709,250850,1
710,250855,1
711,250860,1
712,250870,2
713,250890,1
714,250900,1
715,250910,1
716,250960,1
717,250970,5
718,251020,1
719,251080,5
720,251090,1
721,251120,1
722,251272,1
723,251130,4
724,251140,2
725,251160,2
726,251210,1
727,251230,2
728,251250,4
729,251274,1
730,251290,1
731,251320,1
732,251340,1
733,251370,5
734,251360,1
735,251392,1
736,251390,1
737,251440,1
738,251450,2
739,251470,1
740,251520,1
741,251530,2
742,251590,2
743,251600,6
744,251610,1
745,251620,7
746,251670,2
747,251710,1
748,260005,6
749,260020,3
750,260030,2
751,260050,6
752,260070,2
753,260100,1
754,260110,8
755,260120,3
756,260130,1
757,260140,1
758,260150,1
759,260160,1
760,260170,3
761,260180,2
762,260190,5
763,260200,1
764,260210,5
765,260220,2
766,260240,2
767,260260,3
768,260270,3
769,260280,4
770,260290,5
771,260300,4
772,260310,3
773,260320,1
774,260345,5
775,260350,1
776,260370,1
777,260380,2
778,260390,1
779,260392,2
780,260400,6
781,260410,11
782,260415,1
783,260420,1
784,260470,1
785,260480,1
786,260490,1
787,260500,4
788,260510,6
789,260520,2
790,260530,1
791,260545,1
792,260570,2
793,260600,12
794,260620,2
795,260630,2
796,260640,3
797,260650,1
798,260680,3
799,260720,2
800,260750,1
801,260765,2
802,260770,1
803,260780,1
804,260790,22
805,260805,1
806,260810,5
807,260825,1
808,260830,1
809,260840,1
810,260850,1
811,260875,2
812,260880,1
813,260890,4
814,260900,1
815,260915,1
816,260940,2
817,260950,1
818,260960,13
819,260980,1
820,260990,3
821,261000,2
822,261010,2
823,261050,4
824,261060,1
825,261070,11
826,261090,3
827,261100,2
828,261110,13
829,261130,1
830,261140,1
831,261160,60
832,261180,2
833,261220,4
834,261230,1
835,261245,1
836,261247,2
837,261250,2
838,261260,1
839,261300,2
840,261310,3
841,261320,1
842,261350,5
843,261360,4
844,261370,5
845,261380,1
846,261390,4
847,261400,2
848,261410,2
849,261440,1
850,261450,1
851,261460,4
852,261470,1
853,261480,2
854,261500,2
855,261530,4
856,261550,1
857,261580,1
858,261590,1
859,261600,1
860,261610,1
861,261620,1
862,261630,3
863,261640,8
865,270010,1
866,270020,1
867,270030,12
868,270060,2
869,270070,2
870,270130,2
871,270140,2
872,270170,1
873,270180,1
874,270200,1
875,270210,1
876,270240,1
877,270250,2
878,270260,3
879,270290,4
880,270310,1
881,270320,1
882,270330,1
883,270410,2
884,270420,1
885,270430,30
886,270490,1
887,270470,1
888,270550,2
889,270560,2
890,270570,2
891,270580,1
892,270630,2
893,270650,1
894,270670,1
895,270680,1
896,270690,1
897,270710,2
898,270760,4
899,270770,2
900,270800,2
901,270830,1
902,270840,1
903,270850,2
904,270860,2
905,270880,1
906,270900,2
907,270915,1
908,270920,1
909,270930,4
910,280020,1
911,280030,29
912,280040,2
913,280050,2
914,280060,1
915,280070,1
916,280120,1
917,280130,2
918,280140,3
919,280150,3
920,280170,1
921,280200,1
922,280210,2
923,280220,1
924,280230,2
925,280250,1
926,280260,1
927,280270,1
928,280290,7
929,280300,1
930,280320,3
931,280350,9
932,280360,1
933,280370,1
934,280400,1
935,280410,1
936,280450,2
937,280460,1
938,280480,6
939,280490,1
940,280530,2
941,280560,2
942,280610,1
943,280620,1
944,280660,2
945,280670,2
946,280680,3
947,280690,2
948,280710,4
949,280740,4
950,280750,2
951,280760,1
952,290020,3
953,290035,1
954,290070,5
955,290080,1
956,290100,2
957,290115,1
958,290130,1
959,290135,4
960,290140,1
961,290150,1
962,290160,1
963,290170,1
964,290195,1
965,290205,1
966,290210,1
967,290240,1
968,290265,2
969,290270,3
970,290280,2
971,290290,1
972,290300,1
973,290320,1
974,290323,1
975,290327,1
976,290350,1
977,290360,1
978,290390,4
979,290395,1
980,290405,1
981,290440,1
982,290450,1
983,290460,2
984,290475,1
985,290480,1
986,290490,1
987,290500,2
988,290510,2
989,290520,7
990,290530,2
991,290540,2
992,290550,1
993,290570,7
994,290590,1
995,290600,2
996,290620,2
997,290630,2
998,290650,5
999,290660,1
1000,290680,2
1001,290710,1
1002,290720,3
1003,290730,1
1004,290750,1
1005,290760,3
1006,290780,2
1007,290830,1
1008,290850,2
1009,290860,1
1010,290870,1
1011,290890,2
1012,290900,1
1013,290910,2
1014,290930,1
1015,290940,1
1016,290980,2
1017,290990,2
1018,291005,1
1019,291010,1
1020,291050,1
1021,291060,3
1022,291070,5
1023,291072,1
1024,291080,13
1025,291165,1
1026,291170,5
1027,291180,1
1028,291185,1
1029,291190,1
1030,291200,1
1031,291210,2
1032,291240,1
1033,291290,1
1034,291300,2
1035,291330,1
1036,291345,1
1037,291350,1
1038,291360,4
1039,291370,5
1040,291410,1
1041,291450,2
1042,291460,4
1043,291465,2
1044,291470,1
1045,291480,5
1046,291500,1
1047,291535,3
1048,291550,2
1049,291560,1
1050,291580,1
1051,291640,4
1052,291650,2
1053,291680,1
1054,291700,1
1055,291730,1
1056,291750,4
1057,291760,3
1058,291770,2
1059,291780,2
1060,291800,4
1061,291810,1
1062,291820,1
1063,291840,19
1064,291905,1
1065,291915,3
1066,291920,6
1067,291950,2
1068,291955,2
1069,291970,2
1070,291980,2
1071,292040,2
1072,292045,1
1073,292050,3
1074,292060,4
1075,292090,1
1076,292100,1
1077,292120,4
1078,292140,3
1079,292150,3
1080,292170,1
1081,292190,1
1082,292210,1
1083,292230,1
1084,292250,1
1085,292260,1
1086,292290,1
1087,292300,2
1088,292303,1
1089,292310,1
1090,292330,1
1091,292340,1
1092,292400,4
1093,292430,1
1094,292440,2
1095,292450,1
1096,292480,1
1097,292510,5
1098,292520,1
1099,292530,7
1100,292575,2
1101,292580,2
1102,292590,2
1103,292600,3
1104,292620,1
1105,292630,1
1106,292640,4
1107,292650,4
1108,292660,3
1109,292690,2
1110,292700,3
1111,292720,1
1112,292740,101
1113,292790,1
1114,292840,1
1115,292850,1
1116,292800,2
1117,292820,1
1118,292860,1
1119,292870,4
1120,292880,1
1121,292910,2
1122,292900,1
1123,292935,1
1124,292937,1
1125,292950,1
1126,292970,3
1127,292975,2
1128,292990,4
1129,293010,4
1130,293020,1
1131,293015,1
1132,293070,2
1133,293075,1
1134,293080,3
1135,293100,1
1136,293130,3
1137,293135,2
1138,293180,1
1139,293200,2
1140,293240,2
1141,293260,3
1142,293280,1
1143,293290,1
1144,293300,1
1145,293305,1
1146,293317,1
1147,293320,1
1148,293330,20
1149,293340,1
1150,293345,3
1151,293360,2
1153,310010,2
1154,310020,7
1155,310030,1
1156,310080,1
1157,310120,2
1158,310130,1
1159,310160,5
1160,310163,1
1161,310200,4
1162,310210,2
1163,310260,4
1164,310300,1
1165,310330,1
1166,310340,1
1167,310350,9
1168,310370,1
1169,310400,7
1170,310420,8
1171,310430,1
1172,310450,2
1173,310460,1
1174,310480,1
1175,310490,1
1176,310510,8
1177,310540,1
1178,310550,1
1179,310560,11
1180,310590,1
1181,310620,139
1182,310650,2
1183,310670,12
1184,310710,2
1185,310720,2
1186,310730,7
1187,310740,4
1188,310760,1
1189,310770,1
1190,310780,1
1191,310820,2
1192,310830,1
1193,310850,1
1194,310855,2
1195,310860,1
1196,310880,1
1197,310930,2
1198,310940,2
1199,310950,2
1200,310970,1
1201,311000,5
1202,311050,2
1203,311070,1
1204,311080,1
1205,311090,3
1206,311115,1
1207,311120,7
1208,311130,2
1209,311160,2
1210,311180,1
1211,311200,1
1212,311205,2
1213,311220,2
1214,311230,1
1215,311240,1
1216,311270,2
1217,311290,1
1218,311320,1
1219,311340,3
1220,311370,2
1221,311410,1
1222,311420,4
1223,311430,7
1224,311440,2
1225,311450,3
1226,311455,1
1227,311460,1
1228,311470,1
1229,311480,1
1230,311510,2
1231,311530,10
1232,311545,2
1233,311550,3
1234,311580,2
1235,311610,1
1236,311630,2
1237,311660,4
1238,311670,1
1239,311690,1
1240,311700,1
1241,311730,2
1242,311720,1
1243,311760,2
1244,311790,1
1245,311800,3
1246,311830,12
1247,311860,31
1248,311870,4
1249,311880,3
1250,311890,2
1251,311900,2
1252,311910,2
1253,311930,3
1254,311940,8
1255,311980,1
1256,312000,1
1257,312020,2
1258,312050,1
1259,312070,3
1260,312080,1
1261,312083,1
1262,312090,6
1263,312110,2
1264,312150,1
1265,312180,1
1266,312190,2
1267,312200,1
1268,312230,38
1269,312235,1
1270,312300,1
1271,312320,1
1272,312360,4
1273,312390,2
1274,312400,1
1275,312410,2
1276,312430,1
1277,312450,2
1278,312490,2
1279,312500,1
1280,312510,1
1281,312520,1
1282,312530,1
1283,312570,2
1284,312600,1
1285,312610,8
1286,312630,2
1287,312660,1
1288,312670,1
1289,312710,10
1290,312738,1
1291,312740,1
1292,312750,1
1293,312770,7
1294,312780,1
1295,312820,1
1296,312825,1
1297,312870,5
1298,312880,2
1299,312890,2
1300,312900,2
1301,312950,3
1302,312970,1
1303,312980,8
1304,313010,1
1305,313020,1
1306,313030,1
1307,313040,1
1308,313050,2
1309,313060,1
1310,313065,1
1311,313090,1
1312,313110,1
1313,313120,2
1314,313130,9
1315,313140,1
1316,313160,1
1317,313170,12
1318,313190,2
1319,313210,1
1320,313220,3
1321,313240,6
1322,313250,1
1323,313280,1
1324,313290,4
1325,313300,1
1326,313310,2
1327,313330,1
1328,313340,2
1329,313350,6
1330,313375,2
1331,313380,17
1332,313420,11
1333,313430,2
1334,313440,4
1335,313460,1
1336,313480,1
1337,313490,1
1338,313505,3
1339,313507,1
1340,313510,8
1341,313520,2
1342,313535,1
1343,313540,2
1344,313550,1
1345,313600,1
1346,313620,1
1347,313630,1
1348,313640,1
1349,313665,1
1350,313670,19
1351,313690,3
1352,313700,2
1353,313720,5
1354,313740,1
1355,313750,2
1356,313753,4
1357,313760,1
1358,313800,1
1359,313820,9
1360,313840,1
1361,313850,2
1362,313860,3
1363,313862,1
1364,313865,1
1365,313870,1
1366,313880,1
1367,313900,1
1368,313910,1
1369,313925,2
1370,313930,4
1371,313940,6
1372,313960,1
1373,313990,2
1374,314000,2
1375,314015,1
1376,314050,1
1377,314060,1
1378,317150,1
1379,314080,1
1380,314085,1
1381,314090,1
1382,314100,1
1383,314110,4
1384,314120,1
1385,314130,1
1386,314140,3
1387,314160,1
1388,314180,2
1389,314220,1
1390,314230,1
1391,314260,2
1392,314270,1
1393,314280,1
1394,314290,2
1395,314300,2
1396,314310,2
1397,314320,4
1398,314340,1
1399,314330,19
1400,314350,3
1401,314390,9
1402,314400,1
1403,314410,1
1404,314430,3
1405,314437,1
1406,314450,2
1407,314460,3
1408,314470,1
1409,314480,7
1410,314520,5
1411,314530,3
1412,314537,1
1413,314540,1
1414,314560,3
1415,314590,1
1416,314600,1
1417,314610,2
1418,314625,1
1419,314630,1
1420,314655,1
1421,314640,1
1422,314650,1
1423,314690,4
1424,314710,3
1425,314720,2
1426,314730,2
1427,314740,5
1428,314760,1
1429,314770,2
1430,314750,1
1431,314790,7
1432,314800,24
1433,314810,6
1434,314860,1
1435,314870,1
1436,314890,1
1437,314910,2
1438,314915,2
1439,314930,1
1440,314980,1
1441,315010,1
1442,315030,1
1443,315080,1
1444,315090,1
1445,315100,1
1446,315120,4
1447,315150,2
1448,315170,3
1449,315180,17
1450,315200,5
1451,315210,4
1452,315217,1
1453,315220,3
1454,315250,8
1455,315280,2
1456,315340,7
1457,315400,5
1458,315410,2
1459,315420,1
1460,315430,1
1461,315445,2
1462,315450,1
1463,315460,10
1464,315470,1
1465,315490,2
1466,315540,1
1467,315550,2
1468,315560,2
1469,315570,1
1470,315580,1
1471,315590,1
1472,315600,1
1473,315610,2
1474,315645,1
1475,315650,2
1476,315670,2
1477,315680,2
1478,315720,1
1479,315725,1
1480,315727,1
1481,315730,1
1482,315733,1
1483,315737,1
1484,315765,1
1485,315770,1
1486,315780,3
1487,315800,3
1488,315820,1
1489,315940,1
1490,315930,1
1491,315960,2
1492,315980,1
1493,315830,1
1494,315880,1
1495,315990,1
1496,316040,5
1497,316100,1
1498,316110,2
1499,316120,1
1500,316130,2
1501,316140,1
1502,316150,2
1503,316190,2
1504,316210,6
1505,316225,1
1506,316240,1
1507,316250,7
1508,316255,3
1509,316257,1
1510,316265,2
1511,316280,2
1512,316294,1
1513,316300,1
1514,316320,1
1515,316370,2
1516,316410,2
1517,316430,1
1518,316440,1
1519,316443,1
1520,316450,1
1521,316460,1
1522,316470,6
1523,316520,1
1524,316500,1
1525,316510,1
1526,316553,2
1527,316570,2
1528,316590,1
1529,316620,2
1530,316710,1
1531,316720,17
1532,316750,1
1533,316770,1
1534,316810,2
1535,316840,1
1536,316860,7
1537,316870,3
1538,316890,2
1539,316900,1
1540,316905,1
1541,316930,7
1542,316935,4
1543,316940,4
1544,316960,3
1545,316970,3
1546,316990,3
1547,317005,1
1548,317010,8
1549,317020,37
1550,317040,5
1551,317050,1
1552,317052,1
1553,317070,12
1554,317075,1
1555,317103,2
1556,317120,4
1557,317130,9
1558,317160,1
1559,317180,1
1560,317200,2
1561,317220,1
1563,320010,6
1564,320016,1
1565,320030,1
1566,320035,1
1567,320040,2
1568,320060,5
1569,320100,1
1570,320115,2
1571,320120,14
1572,320130,19
1573,320140,2
1574,320150,6
1575,320160,1
1576,320190,4
1577,320210,3
1578,320230,1
1579,320240,1
1580,320245,2
1581,320260,1
1582,320265,1
1583,320280,1
1584,320300,2
1585,320305,2
1586,320310,1
1587,320313,1
1588,320320,2
1589,320334,2
1590,320370,2
1591,320390,5
1592,320410,1
1593,320420,1
1594,320440,1
1595,320450,2
1596,320455,5
1597,320465,1
1598,320480,1
1599,320490,2
1600,320500,21
1601,320501,3
1602,320503,5
1603,320510,2
1604,320517,1
1605,320520,18
1606,320530,19
1607,330010,8
1608,330015,1
1609,330020,4
1610,330025,3
1611,330030,2
1612,330040,4
1613,330045,10
1614,330050,3
1615,330060,1
1616,330070,9
1617,330080,7
1618,330090,1
1619,330100,24
1620,330093,3
1621,330120,1
1622,330130,2
1623,330095,1
1624,330150,1
1625,330160,1
1626,330170,20
1627,330185,2
1628,330187,1
1629,330190,10
1630,330200,4
1631,330210,2
1632,330220,5
1633,330227,1
1634,330240,5
1635,330250,9
1636,330260,1
1637,330270,2
1638,330280,2
1639,330285,2
1640,330290,3
1641,330300,2
1642,330310,1
1643,330330,26
1644,330340,13
1645,330350,16
1646,330360,1
1647,330370,5
1648,330390,16
1649,330395,1
1650,330414,6
1651,330415,1
1652,330420,7
1653,330430,3
1654,330440,1
1655,330450,1
1656,330452,9
1657,330455,236
1658,330470,4
1659,330480,4
1660,330490,15
1661,330500,4
1662,330510,10
1663,330520,5
1664,330540,1
1665,330550,4
1666,330555,1
1667,330570,1
1668,330575,1
1669,330580,6
1670,330600,2
1671,330610,2
1672,330620,1
1673,330630,6
1675,350010,3
1676,350020,1
1677,350030,1
1678,350040,2
1679,350050,1
1680,350060,1
1681,350070,2
1682,350115,1
1683,350120,3
1684,350130,1
1685,350160,16
1686,350170,4
1687,350190,8
1688,350210,6
1689,350220,2
1690,350230,2
1691,350250,1
1692,350260,1
1693,350280,8
1694,350290,2
1695,350320,17
1696,350330,6
1697,350340,1
1698,350350,1
1699,350360,1
1700,350380,2
1701,350390,3
1702,350400,9
1703,350410,15
1704,350430,1
1705,350450,8
1706,350460,2
1707,350470,1
1708,350490,2
1709,350520,3
1710,350530,4
1711,350535,1
1712,350540,2
1713,350550,17
1714,350560,7
1715,350570,21
1716,350580,1
1717,350590,3
1718,350600,22
1719,350610,4
1720,350630,1
1721,350635,6
1722,350650,2
1723,350680,2
1724,350700,2
1725,350710,1
1726,350750,17
1727,350760,15
1728,350770,2
1729,350780,2
1730,350790,3
1731,350800,2
1732,350810,1
1733,350840,4
1734,350850,2
1735,350870,1
1736,350880,1
1737,350900,1
1738,350920,5
1739,350925,2
1740,350940,2
1741,350950,58
1742,350960,4
1743,350970,3
1744,350980,2
1745,351000,1
1746,351020,4
1747,351030,2
1748,351040,2
1749,351050,5
1750,351060,13
1751,351080,2
1752,351090,1
1753,351110,16
1754,351140,2
1755,351150,3
1756,351160,1
1757,351170,2
1758,355720,1
1759,351200,1
1760,351230,2
1761,351240,1
1762,351280,3
1763,351300,13
1764,351310,2
1765,351340,2
1766,351350,5
1767,351370,3
1768,351380,15
1769,351410,5
1770,351430,1
1771,351440,2
1772,351450,2
1773,351490,1
1774,351500,4
1775,351510,1
1776,351518,3
1777,351519,1
1778,355730,1
1779,351520,1
1780,351535,1
1781,351540,1
1782,351560,1
1783,351550,3
1784,351570,7
1785,351580,1
1786,351620,17
1787,351630,11
1788,351640,12
1789,351650,1
1790,351670,9
1791,351690,1
1792,351710,2
1793,351740,3
1794,351760,2
1795,351790,1
1796,351800,1
1797,351810,1
1798,351830,1
1799,351840,6
1800,351850,3
1801,351860,2
1802,351870,8
1803,351880,60
1804,351885,1
1805,351900,1
1806,351907,10
1807,351910,3
1808,351920,1
1809,351925,3
1810,351960,5
1811,351970,9
1812,351980,1
1813,352000,2
1814,352010,5
1815,352020,1
1816,352030,3
1817,352040,2
1818,352050,11
1819,352100,1
1820,352110,1
1821,352130,3
1822,352150,1
1823,352160,1
1824,352180,2
1825,352190,1
1826,352200,1
1827,352210,6
1828,352220,2
1829,352230,10
1830,352240,6
1831,352250,8
1832,352260,7
1833,352270,2
1834,352280,2
1835,352290,2
1836,352310,9
1837,352320,2
1838,352330,2
1839,352340,7
1840,352350,1
1841,352360,2
1842,352380,1
1843,352390,5
1844,352400,1
1845,352410,3
1846,352420,1
1847,352430,6
1848,352440,7
1849,352460,5
1850,352480,6
1851,352490,1
1852,352500,5
1853,352510,4
1854,352520,3
1855,352530,6
1856,352540,1
1857,352550,2
1858,352570,3
1859,352590,25
1860,352610,3
1861,352640,3
1862,352650,1
1863,352670,8
1864,352690,15
1865,352700,2
1866,352710,6
1867,352720,10
1868,352730,1
1869,352740,1
1870,352790,1
1871,352800,2
1872,352840,3
1873,352850,4
1874,352880,2
1875,352900,9
1876,352920,1
1877,352930,4
1878,352940,17
1879,352960,1
1880,352970,2
1881,352980,4
1882,353010,1
1883,353030,1
1884,353050,5
1885,353060,26
1886,353070,8
1887,353080,2
1888,353090,1
1889,353110,1
1890,353120,1
1891,353130,2
1892,353140,2
1893,353150,2
1894,353160,1
1895,353180,2
1896,353190,1
1897,353200,1
1898,353210,2
1899,353220,2
1900,353240,3
1901,353250,1
1902,353260,3
1903,353282,1
1904,353286,1
1905,353300,1
1906,353340,2
1907,353350,1
1908,353360,1
1909,353370,1
1910,353390,5
1911,353430,1
1912,353440,31
1913,353460,3
1914,353470,10
1915,353480,1
1916,353475,1
1917,353490,1
1918,353500,1
1919,353510,1
1920,353520,1
1921,353530,5
1922,353540,3
1923,353550,5
1924,353560,1
1925,353580,1
1926,353620,2
1927,353630,1
1928,353640,1
1929,353650,4
1930,353670,1
1931,353680,1
1932,353700,3
1933,353710,5
1934,353730,9
1935,353750,2
1936,353760,5
1937,353780,5
1938,353790,3
1939,353800,4
1940,353810,2
1941,353820,2
1942,353830,1
1943,353850,3
1944,353870,27
1945,353880,1
1946,353890,3
1947,353900,2
1948,353910,2
1949,353920,3
1950,353930,3
1951,353950,1
1952,353980,6
1953,353990,1
1954,354000,1
1955,354010,1
1956,354020,2
1957,354025,1
1958,354050,1
1959,354060,3
1960,354070,2
1961,354075,1
1962,354080,1
1963,354100,11
1964,354105,1
1965,354120,1
1966,354130,2
1967,354140,12
1968,354150,1
1969,354160,1
1970,354240,3
1971,354260,2
1972,354290,2
1973,354320,2
1974,354330,5
1975,354340,49
1976,354370,1
1977,354380,2
1978,354390,20
1979,354400,2
1980,354410,2
1981,354420,1
1982,354350,1
1983,354425,2
1984,354470,2
1985,354515,2
1986,354520,5
1987,354530,2
1988,354540,1
1989,354560,1
1990,354580,11
1991,354620,2
1992,354640,5
1993,354660,3
1994,354680,2
1995,354750,2
1996,354760,1
1997,354720,1
1998,354730,7
1999,354770,1
2000,354780,25
2001,354790,2
2002,354800,1
2003,354850,35
2004,354860,2
2005,354870,29
2006,354880,5
2007,354890,16
2008,354910,15
2009,354940,2
2010,354960,1
2011,354970,5
2012,354980,24
2013,354990,17
2014,355000,1
2015,355010,6
2016,355020,4
2017,355030,381
2018,355040,2
2019,355050,1
2020,355060,6
2021,355070,8
2022,355080,3
2023,355100,15
2024,355110,1
2025,355140,1
2026,355160,2
2027,355150,3
2028,355170,5
2029,355180,2
2030,355190,2
2031,355210,3
2032,355220,42
2033,355240,12
2034,355250,9
2035,355260,1
2036,355270,1
2037,355280,10
2038,355300,1
2039,355320,1
2040,355330,2
2041,355350,1
2042,355360,1
2043,355365,1
2044,355370,6
2045,355380,4
2046,355395,1
2047,355400,13
2048,355410,9
2049,355450,1
2050,355480,2
2051,355490,2
2052,355495,1
2053,355500,3
2054,355510,1
2055,355520,1
2056,355540,12
2057,355580,1
2058,355600,1
2059,355610,1
2060,355620,4
2061,355635,1
2062,355640,5
2063,355645,1
2064,355650,2
2065,355660,1
2066,355700,7
2067,355710,7
2069,410040,8
2070,410045,1
2071,410060,2
2072,410070,1
2073,410110,1
2074,410120,3
2075,410140,9
2076,410150,8
2077,410160,4
2078,410170,1
2079,410180,10
2080,410190,1
2081,410200,1
2082,410230,4
2083,410250,2
2084,410280,2
2085,410290,2
2086,410300,2
2087,410305,2
2088,410310,1
2089,410330,2
2090,410337,1
2091,410347,1
2092,410350,2
2093,410370,4
2094,410380,2
2095,410390,2
2096,410400,4
2097,410420,4
2098,410430,9
2099,410440,1
2100,410442,1
2101,410445,1
2102,410450,2
2103,410460,2
2104,410465,1
2105,410470,3
2106,410480,19
2107,410490,5
2108,410500,1
2109,410510,1
2110,410520,1
2111,410540,3
2112,410550,4
2113,410560,1
2114,410570,2
2115,410580,12
2116,410620,2
2117,410640,2
2118,410645,1
2119,410650,2
2120,410655,1
2121,410680,3
2122,410660,2
2123,410690,90
2124,410700,4
2125,410710,2
2126,410720,4
2127,410740,1
2128,410750,2
2129,410753,3
2130,410754,1
2131,410760,3
2132,410765,8
2133,410770,1
2134,410775,3
2135,410785,1
2136,410780,2
2137,410830,15
2138,410845,1
2139,410832,1
2140,410840,14
2141,410860,4
2142,410865,3
2143,410880,2
2144,410890,1
2145,410900,2
2146,410940,17
2147,410960,4
2148,410970,2
2149,410980,2
2150,410990,1
2151,411010,3
2152,411020,1
2153,411030,1
2154,411060,1
2155,411070,2
2156,411120,2
2157,411125,1
2158,411150,4
2159,411155,1
2160,411190,1
2161,411200,1
2162,411210,2
2163,411230,1
2164,411250,1
2165,411275,2
2166,411280,3
2167,411295,1
2168,411325,1
2169,411330,2
2170,411350,1
2171,411370,40
2172,411373,2
2173,411390,2
2174,411400,2
2175,411410,1
2176,411430,2
2177,411460,5
2178,411480,5
2179,411490,1
2180,411500,2
2181,411510,2
2182,411520,17
2183,411535,1
2184,411540,2
2185,411545,1
2186,411550,1
2187,411570,4
2188,411575,1
2189,411580,9
2190,411590,2
2191,411610,2
2192,411620,1
2193,411630,1
2194,411680,1
2195,411690,2
2196,411720,1
2197,411722,1
2198,411745,1
2199,411760,7
2200,411770,3
2201,411780,2
2202,411790,3
2203,411800,1
2204,411820,4
2205,411840,7
2206,411845,2
2207,411850,9
2208,411860,1
2209,411880,2
2210,411890,1
2211,411900,2
2212,411910,3
2213,411915,8
2214,411925,2
2215,411920,1
2216,411930,5
2217,411940,2
2218,411950,4
2219,411960,4
2220,411965,1
2221,411980,2
2222,411990,18
2223,411995,2
2224,412030,1
2225,412035,1
2226,412060,3
2227,412070,2
2228,412085,1
2229,412090,1
2230,412100,1
2231,412150,2
2232,412160,3
2233,412170,2
2234,412180,1
2235,412190,3
2236,412200,1
2237,412220,1
2238,412230,2
2239,412240,4
2240,412260,2
2241,412265,1
2242,412270,2
2243,412280,1
2244,412300,2
2245,412330,2
2246,412350,2
2247,412380,1
2248,412385,1
2249,412405,1
2250,412410,5
2251,412440,4
2252,412450,1
2253,412460,1
2254,412480,2
2255,412510,1
2256,412550,14
2257,412560,4
2258,412570,4
2259,412575,2
2260,412580,2
2261,412610,1
2262,412620,1
2263,412625,8
2264,412650,1
2265,412660,2
2266,412667,2
2267,412670,1
2268,412710,4
2269,412740,2
2270,412750,3
2271,412760,1
2272,412770,12
2273,412780,1
2274,412785,1
2275,412788,1
2276,412790,2
2277,412796,2
2278,412800,1
2279,412810,7
2280,412820,9
2281,412840,2
2282,412860,1
2283,412865,1
2284,412850,5
2286,420010,2
2287,420020,1
2288,420030,1
2289,420040,1
2290,420070,1
2291,420080,2
2292,420090,1
2293,420100,1
2294,420110,1
2295,420125,1
2296,420127,2
2297,420130,3
2298,420140,9
2299,420195,2
2300,420200,11
2301,420207,1
2302,421280,1
2303,422000,0
2304,420208,1
2305,420210,5
2306,420213,3
2307,420220,3
2308,420230,4
2309,420240,35
2310,420243,1
2311,420257,1
2312,420245,2
2313,420280,5
2314,420287,1
2315,420290,16
2316,420300,4
2317,420310,1
2318,420315,1
2319,420320,4
2320,420340,1
2321,420350,1
2322,420360,3
2323,420370,1
2324,420380,4
2325,420390,2
2326,420395,2
2327,420415,2
2328,420420,24
2329,420425,3
2330,420430,12
2331,420455,7
2332,420450,5
2333,420460,19
2334,420470,5
2335,420480,5
2336,420490,1
2337,420500,1
2338,420510,1
2339,420517,1
2340,420520,1
2341,420540,38
2342,420543,1
2343,420545,3
2344,420550,7
2345,420560,1
2346,420580,5
2347,420590,4
2348,420610,2
2349,420630,5
2350,420640,1
2351,420650,1
2352,420660,1
2353,420670,2
2354,420680,1
2355,420690,3
2356,420700,6
2357,420730,3
2358,420740,1
2359,420750,10
2360,420760,1
2361,420765,1
2362,420780,1
2363,420790,1
2364,420800,1
2365,420820,8
2366,420830,6
2367,420840,4
2368,420845,1
2369,420850,1
2370,420860,1
2371,420870,1
2372,420880,1
2373,420890,10
2374,420895,1
2375,420900,5
2376,420910,50
2377,420915,1
2378,420930,16
2379,420940,2
2380,420945,1
2381,420950,1
2382,420960,1
2383,420985,1
2384,420990,8
2385,421000,3
2386,421003,1
2387,421010,7
2388,421030,1
2389,421050,1
2390,421070,1
2391,421085,1
2392,421105,1
2393,421120,2
2394,421130,4
2395,421145,3
2396,421150,2
2397,421160,2
2398,421170,4
2399,421175,2
2400,421189,1
2401,421190,12
2402,421200,1
2403,421210,5
2404,421220,2
2405,421225,2
2406,421227,1
2407,421250,3
2408,421270,1
2409,421290,1
2410,421310,1
2411,421320,5
2412,421350,3
2413,421360,3
2414,421370,6
2415,421380,2
2416,421400,3
2417,421410,2
2418,421420,1
2419,421440,1
2420,421450,2
2421,421480,11
2422,421500,4
2423,421507,2
2424,421520,2
2425,421530,2
2426,421545,1
2427,421550,1
2428,421555,1
2429,421560,1
2430,421567,1
2431,421570,2
2432,421580,4
2433,421575,1
2434,421590,1
2435,421600,3
2436,421620,5
2437,421630,1
2438,421625,2
2439,421640,2
2440,421650,6
2441,421660,17
2442,421670,2
2443,421680,2
2444,421690,4
2445,421700,1
2446,421720,2
2447,421740,1
2448,421750,3
2449,421760,1
2450,421770,1
2451,421795,2
2452,421800,4
2453,421810,1
2454,421820,5
2455,421825,1
2456,421830,3
2457,421850,1
2458,421860,2
2459,421870,6
2460,421875,1
2461,421880,1
2462,421890,2
2463,421900,1
2464,421930,6
2465,421935,1
2466,421950,1
2467,421970,3
2468,421985,1
2469,430003,1
2470,430005,1
2471,430010,1
2472,430040,9
2473,430047,1
2474,430060,17
2475,430063,4
2476,430064,1
2477,430070,1
2478,430080,1
2479,430087,1
2480,430100,1
2481,430107,2
2482,430105,1
2483,430120,3
2484,430110,1
2485,430130,3
2486,430140,2
2487,430160,7
2488,430170,1
2489,430185,1
2490,430190,1
2491,430195,1
2492,430200,3
2493,430205,1
2494,430210,9
2495,430220,1
2496,430237,2
2497,430240,1
2498,430260,2
2499,430270,1
2500,430280,11
2501,430290,2
2502,430300,9
2503,430310,9
2504,430330,1
2505,430350,9
2506,430370,3
2507,430380,1
2508,430390,8
2509,430400,2
2510,430410,1
2511,430420,5
2512,430430,3
2513,430435,1
2514,430440,7
2515,430450,8
2516,430460,18
2517,430463,8
2518,430466,3
2519,430468,1
2520,430467,1
2521,430471,1
2522,430470,8
2523,430480,3
2524,430490,2
2525,430500,2
2526,430510,35
2527,430513,2
2528,430515,2
2529,430517,2
2530,430520,2
2531,430530,3
2532,430535,3
2533,430540,1
2534,430543,2
2535,430545,1
2536,430550,4
2537,430558,2
2538,430560,1
2539,430570,1
2540,430580,2
2541,430585,2
2542,430595,1
2543,430600,2
2544,430605,1
2545,430610,7
2546,430620,1
2547,430630,2
2548,430632,1
2549,430640,7
2550,430642,1
2551,430650,2
2552,430660,5
2553,430673,1
2554,430675,1
2555,430676,2
2556,430680,1
2557,430690,4
2558,430692,1
2559,430695,1
2560,430693,4
2561,430700,10
2562,430730,1
2563,430740,1
2564,430750,4
2565,430755,2
2566,430760,6
2567,430770,4
2568,430780,4
2569,430781,1
2570,430783,1
2571,430790,10
2572,430800,2
2573,430807,1
2574,430820,6
2575,430830,1
2576,430843,2
2577,430850,1
2578,430865,1
2579,430870,4
2580,430880,3
2581,430890,5
2582,430900,5
2583,430905,1
2584,430910,6
2585,430915,1
2586,430920,11
2587,430930,5
2588,430940,2
2589,430950,2
2590,430710,4
2591,430960,8
2592,430970,2
2593,430990,1
2594,430995,1
2595,431010,3
2596,431020,7
2597,431033,6
2598,431036,1
2599,431050,1
2600,431053,2
2601,431057,1
2602,431060,2
2603,431080,1
2604,431100,1
2605,431110,2
2606,431113,1
2607,431120,3
2608,431127,1
2609,431130,4
2610,431125,1
2611,431140,12
2612,431150,2
2613,431160,3
2614,431162,1
2615,431177,1
2616,431179,2
2617,431180,6
2618,431200,1
2619,431210,2
2620,431215,1
2621,431217,1
2622,431220,1
2623,431225,1
2624,431237,1
2625,431240,7
2626,431245,1
2627,431250,3
2628,431262,1
2629,431265,3
2630,431267,1
2631,431275,1
2632,431290,3
2633,431295,1
2634,431300,1
2635,431303,1
2636,431306,2
2637,431310,1
2638,431320,3
2639,431330,6
2640,431337,2
2641,431349,1
2642,431340,28
2643,431344,2
2644,431350,5
2645,431365,1
2646,431370,5
2647,431390,6
2648,431395,2
2649,431402,1
2650,431405,1
2651,431406,1
2652,431407,2
2653,431410,21
2654,431413,1
2655,431415,3
2656,431420,2
2657,431430,3
2658,431440,38
2659,431447,1
2660,431450,4
2661,431455,1
2662,431470,2
2663,431478,1
2664,431480,4
2665,431490,96
2666,431500,1
2667,431530,3
2668,431532,1
2669,431550,4
2670,431560,13
2671,431570,5
2672,431580,2
2673,431590,3
2674,431600,1
2675,431610,3
2676,431620,1
2677,431630,1
2678,431640,7
2679,431643,1
2680,431645,1
2681,431647,2
2682,431650,2
2683,431660,1
2684,431710,5
2685,431670,1
2686,431675,2
2687,431680,24
2688,431690,37
2689,431695,3
2690,431720,3
2691,431725,1
2692,431730,7
2693,431740,5
2694,431750,10
2695,431760,3
2696,431770,1
2697,431775,2
2698,431780,3
2699,431790,1
2700,431800,9
2701,431810,1
2702,431820,1
2703,431830,7
2704,431840,2
2705,431842,1
2706,431848,1
2707,431850,1
2708,431861,1
2709,431870,14
2710,431880,6
2711,431890,4
2712,431910,1
2713,431915,1
2714,431920,1
2715,431937,1
2716,431940,2
2717,431950,4
2718,431960,2
2719,431971,1
2720,431980,1
2721,431990,5
2722,432000,7
2723,432010,1
2724,432020,5
2725,432023,1
2726,432026,1
2727,432040,7
2728,432045,1
2729,432050,4
2730,432060,1
2731,432070,2
2732,432080,9
2733,432085,1
2734,432090,3
2735,432100,2
2736,432110,2
2737,432120,8
2738,432130,6
2739,432132,1
2740,432140,2
2741,432143,1
2742,432145,2
2743,432147,6
2744,432149,1
2745,432150,3
2746,432160,11
2747,432162,1
2748,432163,1
2749,432166,2
2750,432180,3
2751,432185,1
2752,432190,5
2753,432200,2
2754,432220,1
2755,432230,1
2756,432234,1
2757,432240,4
2758,432250,9
2759,432253,3
2760,432254,1
2761,432255,1
2762,432260,11
2763,432270,4
2764,432280,3
2765,432290,1
2766,432300,15
2767,432330,1
2768,432340,1
2769,432380,2
2770,500020,1
2771,500025,1
2772,500060,8
2773,500070,2
2774,500090,3
2775,500100,5
2776,500110,3
2777,500150,1
2778,500190,3
2779,500200,4
2780,500210,5
2781,500215,2
2782,500220,2
2783,500240,6
2784,500260,2
2785,500270,51
2786,500280,1
2787,500290,4
2788,500295,3
2789,500315,2
2790,500320,7
2791,500325,2
2792,500330,3
2793,500345,1
2794,500350,2
2795,500370,23
2796,500375,1
2797,500380,3
2798,500400,1
2799,500440,2
2800,500460,4
2801,500470,3
2802,500480,2
2803,500500,1
2804,500515,1
2805,500520,1
2806,500540,2
2807,500560,2
2808,500568,1
2809,500570,3
2810,500580,1
2811,500600,2
2812,500620,1
2813,500625,2
2814,500630,2
2815,500635,4
2816,500660,4
2817,500710,1
2818,500769,4
2819,500780,2
2820,500770,1
2821,500790,2
2822,500793,1
2823,500795,10
2824,500830,10
2825,500840,1
2827,510020,2
2828,510025,6
2829,510030,3
2830,510040,1
2831,510060,1
2832,510080,1
2833,510100,1
2834,510125,2
2835,510170,2
2836,510180,5
2837,510250,5
2838,510260,1
2839,510263,1
2840,510267,4
2841,510270,2
2842,510279,1
2843,510300,1
2844,510305,2
2845,510320,1
2846,510337,1
2847,510340,25
2848,510345,1
2849,510360,1
2850,510385,2
2851,510390,1
2852,510395,1
2853,510410,2
2854,510460,1
2855,510480,1
2856,510490,1
2857,510510,1
2858,510515,4
2859,510525,2
2860,510558,1
2861,510562,2
2862,510880,1
2863,510622,2
2864,510624,2
2865,510625,2
2866,510626,1
2867,510629,2
2868,510630,1
2869,510637,3
2870,510642,2
2871,510650,3
2872,510670,1
2873,510677,1
2874,510685,1
2875,510700,1
2876,510704,6
2877,510720,1
2878,510757,1
2879,510760,9
2880,510777,2
2881,510726,1
2882,510710,1
2883,510740,1
2884,510790,12
2885,510792,8
2886,510794,1
2887,510795,3
2888,510810,1
2889,510830,1
2890,510840,15
2891,510550,1
2892,510860,2
2893,520013,1
2894,520015,1
2895,520017,1
2896,520025,8
2897,520030,2
2898,520080,2
2899,520110,27
2900,520120,1
2901,520130,3
2902,520140,36
2903,520150,1
2904,520170,2
2905,520180,3
2906,520215,1
2907,520260,1
2908,520320,2
2909,520330,4
2910,520340,2
2911,520350,1
2912,520357,1
2913,520393,1
2914,520410,1
2915,520425,2
2916,520430,3
2917,520440,3
2918,520450,6
2919,520480,1
2920,520505,1
2921,520510,9
2922,520520,1
2923,520545,1
2924,520549,3
2925,520551,2
2926,520580,1
2927,520620,2
2928,520630,2
2929,520640,1
2930,520725,1
2931,520735,1
2932,520740,1
2933,520760,1
2934,520780,2
2935,520790,1
2936,520800,15
2937,520810,1
2938,520840,2
2939,520860,2
2940,520870,95
2941,520880,5
2942,520890,5
2943,520910,3
2944,520920,1
2945,520970,2
2946,520990,1
2947,521000,7
2948,521010,4
2949,521020,1
2950,521040,1
2951,521056,1
2952,521090,2
2953,521100,1
2954,521120,1
2955,521150,5
2956,521180,2
2957,521190,7
2958,521210,1
2959,521220,1
2960,521230,1
2961,521250,13
2962,521270,1
2963,521280,1
2964,521295,2
2965,521305,1
2966,521308,3
2967,521310,9
2968,521350,1
2969,521370,1
2970,521375,1
2971,521380,5
2972,521400,2
2973,521410,1
2974,521440,1
2975,521450,5
2976,521460,3
2977,521483,3
2978,521523,3
2979,521530,2
2980,521550,2
2981,521560,1
2982,521570,3
2983,521600,1
2984,521630,1
2985,521640,4
2986,521680,1
2987,521690,1
2988,521710,3
2989,521720,2
2990,521730,1
2991,521740,4
2992,521760,5
2993,521800,3
2994,521830,2
2995,521850,6
2996,521860,2
2997,521880,11
2998,521890,1
2999,521900,1
3000,521920,2
3001,521930,2
3002,521935,1
3003,521960,1
3004,521970,1
3005,521975,3
3006,521990,2
3007,522010,2
3008,522020,1
3009,522026,1
3010,522040,2
3011,522045,9
3012,522060,2
3013,522068,1
3014,522140,9
3015,522145,1
3016,522150,2
3017,522160,2
3018,522170,1
3019,522180,1
3020,522185,7
3022,530010,152
