,MUNCOD,Total
0,110001,1
1,110040,1
2,110034,1
3,110002,4
4,110045,2
5,110004,1
6,110080,1
7,110008,3
8,110009,3
9,110010,4
10,110011,4
11,110012,2
12,110013,3
13,110140,1
14,110015,2
15,110018,1
16,110020,30
17,110025,2
18,110028,2
19,110149,3
20,110032,1
21,110175,2
22,110030,4
23,120017,1
24,120020,5
25,120025,1
26,120030,1
27,120033,2
28,120038,2
29,120080,1
30,120040,16
31,120042,1
32,120050,1
33,120045,2
34,120060,8
35,130006,3
36,130020,3
37,130030,2
38,130040,3
39,130050,1
40,130060,3
41,130063,1
42,130068,1
43,130070,3
44,130080,1
45,130100,1
46,130115,2
47,130120,1
48,130140,1
49,130150,2
50,130160,2
51,130180,1
52,130185,1
53,130190,1
54,130250,2
55,130260,92
56,130290,1
57,130310,1
58,130320,1
59,130340,4
60,130353,3
61,130356,2
62,130360,2
63,130380,18
64,130390,6
65,130406,15
66,130420,5
67,130430,3
68,140005,2
69,140010,22
70,140015,1
71,140017,3
72,140020,1
73,140030,1
74,140040,2
75,140045,1
76,140047,1
77,150010,5
78,150013,1
79,150020,2
80,150034,2
81,150050,2
82,150060,4
83,150080,18
84,150095,2
85,150110,1
86,150120,1
87,150130,1
88,150140,42
89,150145,2
90,150150,3
91,150175,1
92,150180,5
93,150210,5
94,150215,1
95,150220,1
96,150240,6
97,150270,3
98,150276,1
99,150277,1
100,150293,3
101,150300,1
102,150307,1
103,150309,2
104,150320,4
105,150330,1
106,150345,1
107,150360,2
108,150370,3
109,150380,1
110,150420,13
111,150442,2
112,150470,2
113,150480,1
114,150506,2
115,150520,3
116,150530,2
117,150543,1
118,150548,2
119,150549,1
120,150550,6
121,150553,5
122,150600,2
123,150613,4
124,150616,2
125,150618,1
126,150619,1
127,150650,3
128,150670,3
129,150680,15
130,150730,1
131,150740,1
132,150795,3
133,150800,1
134,150808,1
135,150810,5
136,150812,1
137,150815,4
138,150820,1
139,150830,2
140,150835,1
141,150840,1
142,160020,2
143,160027,3
144,160030,22
145,160040,3
146,160050,2
147,160015,1
148,160060,4
149,170100,1
150,170110,1
151,170130,1
152,170210,5
153,170220,1
154,170230,1
155,170290,2
156,170310,1
157,170370,2
158,170386,1
159,170390,1
160,170550,5
161,171670,1
162,170555,2
163,170610,2
164,170700,2
165,170710,1
166,170740,1
167,170755,1
168,170830,2
169,170930,3
170,170950,5
171,171050,2
172,171250,1
173,171330,2
174,171420,2
175,171430,1
176,171500,1
177,171515,1
178,172100,9
179,171570,2
180,171380,1
181,171575,1
182,171610,5
183,171650,2
184,171820,5
185,171845,1
186,171875,1
187,171886,1
188,172010,1
189,172049,2
190,172090,1
191,172093,2
192,172110,2
193,172120,2
194,172210,1
196,210005,2
197,210060,2
198,210070,1
199,210120,6
200,210125,1
201,210140,5
202,210150,3
203,210160,7
204,210190,1
205,210200,2
206,210203,2
207,210210,3
208,210220,1
209,210230,1
210,210232,1
211,210235,2
212,210250,1
213,210255,1
214,210290,1
215,210300,8
216,210320,2
217,210330,10
218,210340,2
219,210350,2
220,210375,1
221,210380,2
222,210390,2
223,210405,2
224,210408,2
225,210409,1
226,210410,2
227,210440,3
228,210455,1
229,210465,1
230,210500,2
231,210510,2
232,210515,1
233,210530,18
234,210540,2
235,210542,1
236,210550,3
237,210570,4
238,210620,1
239,210663,1
240,210675,1
241,210735,1
242,210750,1
243,210780,4
244,210800,1
245,210820,4
246,210850,1
247,210860,4
248,210880,1
249,210890,1
250,210900,1
251,210910,2
252,210930,1
253,210945,2
254,210960,1
255,210990,3
256,211000,3
257,211010,1
258,211040,1
259,211070,4
260,211080,1
261,211102,1
262,211105,1
263,211110,4
264,211120,4
265,211130,31
266,211140,1
267,211157,1
268,211160,2
269,211163,1
270,211174,1
271,211180,1
272,211190,1
273,211220,4
274,211260,1
275,211270,3
276,211300,1
277,211400,2
278,220005,2
279,220020,1
280,220027,1
281,220040,4
282,220050,3
283,220100,2
284,220117,1
285,220120,3
286,220150,3
287,220155,2
288,220160,2
289,220173,1
290,220190,2
291,220196,1
292,220200,1
293,220202,2
294,220205,1
295,220210,1
296,220217,1
297,220220,5
298,220230,1
299,220245,1
300,220260,5
301,220270,2
302,220273,1
303,220277,1
304,220280,2
305,220285,1
306,220290,6
307,220330,1
308,220340,3
309,220350,2
310,220390,5
311,220430,1
312,220455,1
313,220470,3
314,220480,1
315,220520,1
316,220525,2
317,220540,3
318,220550,1
319,220552,1
320,220556,1
321,220570,4
322,220590,3
323,220595,2
324,220600,1
325,220620,1
326,220640,1
327,220650,2
328,220665,1
329,220670,1
330,220675,1
331,220795,1
332,220700,4
333,220760,1
334,220770,5
335,220780,3
336,220790,4
337,220800,6
338,220810,2
339,220830,1
340,220840,8
341,220850,1
342,220860,3
343,220865,2
344,220940,1
345,220960,1
346,220990,1
347,220995,1
348,221000,3
349,221030,1
350,221040,5
351,221060,2
352,221070,1
353,221080,3
354,221090,1
355,221093,2
356,221097,1
357,221100,57
358,221110,6
359,221120,2
360,221130,3
361,230020,5
362,230030,2
363,230040,3
364,230060,1
365,230070,1
366,230075,1
367,230090,2
368,230100,3
369,230110,3
370,230120,3
371,230125,3
372,230130,2
373,230170,1
374,230180,1
375,230185,1
376,230190,1
377,230200,1
378,230205,3
379,230220,5
380,230230,4
381,230240,7
382,230250,2
383,230260,4
384,230270,2
385,230280,8
386,230290,1
387,230310,1
388,230330,1
389,230340,3
390,230350,5
391,230370,19
392,230380,1
393,230390,1
394,230395,1
395,230400,1
396,230410,7
397,230420,6
398,230425,1
399,230426,1
400,230428,2
401,230430,1
402,230435,1
403,230440,133
404,230445,2
405,230465,1
406,230470,6
407,230490,1
408,230500,2
409,230520,1
410,230523,8
411,230526,1
412,230533,2
413,230535,1
414,230540,3
415,230550,8
416,230580,1
417,230590,3
418,230600,2
419,230610,2
420,230625,3
421,230630,7
422,230640,4
423,230650,3
424,230655,4
425,230660,3
426,230670,2
427,230690,4
428,230700,6
429,230730,10
430,230740,3
431,230750,2
432,230760,4
433,230763,1
434,230765,15
435,230770,11
436,230780,1
437,230800,4
438,230810,1
439,230837,1
440,230850,3
441,230860,3
442,230870,5
443,230880,1
444,230890,1
445,230910,3
446,230920,1
447,230940,1
448,230945,3
449,230950,4
450,230960,5
451,230970,3
452,230980,2
453,231000,1
454,231010,2
455,231020,5
456,231025,1
457,231030,1
458,231050,3
459,231070,1
460,231080,1
461,231090,2
462,231095,1
463,231100,1
464,231120,1
465,231126,2
466,231130,2
467,231135,1
468,231140,6
469,231150,3
470,231160,2
471,231170,2
472,231180,5
473,231190,3
474,231195,2
475,231220,6
476,231200,4
477,231230,3
478,231240,3
479,231270,2
480,231290,12
481,231310,2
482,231320,1
483,231330,7
484,231340,4
485,231350,8
486,231355,1
487,231360,6
488,231375,6
489,231380,2
490,231395,1
491,231400,5
492,231410,9
493,240010,1
494,240020,1
495,240040,1
496,240070,1
497,240080,3
498,240090,1
499,240100,5
500,240110,1
501,240130,1
502,240145,1
503,240150,1
504,240160,1
505,240200,11
506,240230,2
507,240260,1
508,240290,1
509,240300,1
510,240310,1
511,240330,2
512,240340,1
513,240400,1
514,240430,2
515,240440,1
516,240450,1
517,240460,1
518,240470,1
519,240490,2
520,240510,1
521,240560,2
522,240580,2
523,240590,1
524,240600,1
525,240610,3
526,240620,1
527,240650,3
528,240670,1
529,240690,1
530,240700,1
531,240710,5
532,240730,1
533,240750,1
534,240760,1
535,240800,17
536,240810,27
537,240820,3
538,240850,2
539,240325,8
540,240910,1
541,240930,1
542,240940,2
543,240950,1
544,240970,1
545,240990,1
546,241010,1
547,241020,1
548,241060,2
549,241070,1
550,241140,2
551,241150,3
552,241170,1
553,241190,1
554,241200,3
555,241210,2
556,241220,1
557,241240,4
558,241250,1
559,241255,1
560,241290,1
561,241340,1
562,241400,1
563,241410,1
564,241105,2
565,241420,1
566,241440,2
567,241445,1
568,241450,1
569,241460,2
570,241475,1
571,241480,3
572,250020,1
573,250030,1
574,250040,2
575,250050,1
576,250073,1
577,250077,1
578,250080,1
579,250090,3
580,250130,2
581,250135,1
582,250140,3
583,250150,1
584,250160,1
585,250180,4
586,250240,2
587,250290,1
588,250320,4
589,250330,1
590,250360,1
591,250370,1
592,250380,1
593,250390,1
594,250400,13
595,250415,1
596,250430,2
597,250440,2
598,250460,4
599,250490,2
600,250510,2
601,250520,1
602,250590,1
603,250600,2
604,250610,1
605,250620,2
606,250630,4
607,250640,3
608,250680,1
609,250750,23
610,250830,1
611,250890,2
612,250900,1
613,250940,1
614,250970,2
615,250980,1
616,251060,1
617,251080,8
618,251100,1
619,251120,2
620,251130,2
621,251140,3
622,251190,1
623,251200,1
624,251210,1
625,251230,1
626,251250,1
627,251270,3
628,251290,2
629,251315,1
630,251320,1
631,251335,1
632,251340,1
633,251370,5
634,251390,1
635,250070,1
636,251420,1
637,251440,1
638,251450,1
639,251540,1
640,251530,1
641,251600,2
642,251620,6
643,251650,1
644,251670,1
645,251720,2
646,250550,1
647,260005,1
648,260010,1
649,260030,1
650,260060,3
651,260070,2
652,260080,1
653,260110,5
654,260120,2
655,260140,4
656,260160,1
657,260170,5
658,260180,1
659,260190,1
660,260200,2
661,260210,3
662,260230,1
663,260260,1
664,260270,1
665,260280,3
666,260290,4
667,260300,2
668,260310,2
669,260330,1
670,260340,1
671,260345,3
672,260370,1
673,260380,1
674,260390,1
675,260392,1
676,260400,1
677,260410,10
678,260420,1
679,260450,1
680,260500,1
681,260510,1
682,260520,2
683,260530,2
684,260560,2
685,260570,3
686,260590,2
687,260600,4
688,260610,2
689,260620,1
690,260640,3
691,260650,1
692,260660,1
693,260670,1
694,260680,3
695,260760,1
696,260720,4
697,260730,1
698,260750,1
699,260790,16
700,260810,1
701,260820,2
702,260825,1
703,260840,3
704,260850,2
705,260845,1
706,260870,1
707,260890,5
708,261430,1
709,260960,11
710,260990,1
711,261000,4
712,261020,2
713,261040,1
714,261060,2
715,261070,5
716,261090,4
717,261100,1
718,261110,10
719,261130,3
720,261140,1
721,261160,38
722,261180,1
723,261220,6
724,261247,1
725,261250,4
726,261255,1
727,261260,4
728,261270,1
729,261300,2
730,261310,2
731,261320,1
732,261330,1
733,261340,2
734,261350,3
735,261360,2
736,261370,1
737,261380,1
738,261390,6
739,261400,1
740,261450,5
741,261460,1
742,261500,1
743,261510,1
744,261530,5
745,261560,1
746,261580,1
747,261600,1
748,261640,10
750,270010,1
751,270030,12
752,270040,1
753,270130,1
754,270160,3
755,270180,1
756,270200,2
757,270230,1
758,270240,1
759,270250,2
760,270255,2
761,270300,1
762,270310,1
763,270330,1
764,270400,3
765,270410,1
766,270430,31
767,270470,1
768,270500,1
769,270580,1
770,270590,1
771,270600,1
772,270630,4
773,270640,1
774,270644,1
775,270670,1
776,270690,3
777,270720,2
778,270770,3
779,270780,1
780,270800,4
781,270830,1
782,270850,1
783,270860,4
784,270880,2
785,270895,2
786,270900,1
787,270915,2
788,270930,1
789,280030,31
790,280050,2
791,280060,2
792,280067,1
793,280070,1
794,280100,3
795,280110,1
796,280120,3
797,280130,2
798,280140,1
799,280150,2
800,280170,1
801,280210,5
802,280230,1
803,280290,1
804,280300,2
805,280310,2
806,280350,8
807,280360,2
808,280370,1
809,280400,1
810,280410,2
811,280440,2
812,280445,1
813,280450,4
814,280460,4
815,280480,9
816,280540,1
817,280550,1
818,280560,2
819,280570,1
820,280590,1
821,280620,2
822,280670,4
823,280680,1
824,280700,1
825,280710,4
826,280720,2
827,280730,2
828,280740,3
829,280760,3
831,290020,2
832,290060,1
833,290070,5
834,290100,2
835,290115,3
836,290120,2
837,290130,1
838,290135,1
839,290150,1
840,290180,1
841,290200,1
842,290210,1
843,290270,5
844,290280,2
845,290290,3
846,290320,1
847,290323,1
848,290350,1
849,290370,1
850,290390,1
851,290395,1
852,290450,1
853,290460,4
854,290470,1
855,290520,2
856,290530,1
857,290540,1
858,290560,2
859,290570,3
860,290580,1
861,290590,2
862,290600,1
863,290620,1
864,290630,2
865,290650,1
866,290660,4
867,290720,3
868,290750,2
869,290760,2
870,290770,1
871,290780,3
872,290800,1
873,290840,1
874,290870,1
875,290880,1
876,290890,3
877,290900,1
878,290910,1
879,290920,3
880,290930,2
881,290940,1
882,290980,1
883,290990,3
884,291000,1
885,291005,1
886,291020,1
887,291040,1
888,291060,3
889,291072,3
890,291080,10
891,291120,2
892,291140,1
893,291150,2
894,291160,1
895,291165,1
896,291170,8
897,291200,1
898,291210,2
899,291220,3
900,291230,1
901,291250,1
902,291270,1
903,291350,1
904,291360,5
905,291370,1
906,291390,2
907,291400,1
908,291410,3
909,291420,1
910,291430,2
911,291450,1
912,291460,3
913,291470,4
914,291480,8
915,291490,3
916,291510,1
917,291550,2
918,291560,1
919,291570,1
920,291580,1
921,291590,1
922,291600,1
923,291620,1
924,291640,1
925,291680,1
926,291685,1
927,291700,1
928,291710,1
929,291733,1
930,291740,1
931,291750,2
932,291760,3
933,291770,2
934,291800,8
935,291810,1
936,291820,1
937,291835,1
938,291840,6
939,291890,2
940,291905,1
941,291920,4
942,291930,1
943,291950,3
944,291955,1
945,291980,3
946,291990,1
947,291992,1
948,292030,1
949,292050,3
950,292060,1
951,292070,1
952,292100,1
953,292105,2
954,292160,1
955,292170,1
956,292180,4
957,292200,1
958,292205,1
959,292210,1
960,292240,2
961,292290,3
962,292310,1
963,292320,2
964,292330,1
965,292340,5
966,292380,4
967,292400,5
968,292450,3
969,292467,2
970,292470,1
971,292500,1
972,292520,1
973,292530,2
974,292540,2
975,292575,2
976,292590,1
977,292595,1
978,292600,4
979,292630,1
980,292640,1
981,292660,2
982,292665,1
983,292680,1
984,292690,1
985,292700,3
986,292730,1
987,292740,59
988,292760,1
989,292790,1
990,292810,1
991,292870,1
992,292880,1
993,292910,1
994,292905,2
995,292920,2
996,292930,1
997,292940,1
998,292950,1
999,292960,1
1000,292980,1
1001,292990,1
1002,293000,1
1003,293010,3
1004,293020,5
1005,293050,2
1006,293070,2
1007,293077,1
1008,293100,1
1009,293105,1
1010,293130,2
1011,293135,7
1012,293150,1
1013,293160,1
1014,293190,1
1015,293200,1
1016,293230,1
1017,293245,1
1018,293260,4
1019,293280,1
1020,293290,4
1021,293305,1
1022,293315,1
1023,293320,4
1024,293330,7
1025,293350,1
1026,293360,1
1027,310020,4
1028,310030,1
1029,310050,1
1030,310110,1
1031,310140,1
1032,310150,1
1033,310160,7
1034,310200,3
1035,310260,3
1036,310290,1
1037,310300,1
1038,310340,4
1039,310350,8
1040,310375,1
1041,310390,1
1042,310400,15
1043,310410,1
1044,310420,4
1045,310430,2
1046,310450,1
1047,310490,1
1048,310500,1
1049,310510,6
1050,310520,1
1051,310530,1
1052,310540,1
1053,310560,14
1054,310590,3
1055,310620,132
1056,310630,1
1057,310640,1
1058,310670,12
1059,310710,10
1060,310730,3
1061,310740,3
1062,310760,1
1063,310770,2
1064,310780,1
1065,310790,1
1066,310800,1
1067,310810,2
1068,310820,2
1069,310850,1
1070,310855,1
1071,310900,2
1072,310910,1
1073,310920,1
1074,310930,3
1075,310940,1
1076,311000,1
1077,311010,1
1078,311030,1
1079,311050,2
1080,311060,2
1081,311070,1
1082,311100,4
1083,311120,7
1084,311130,3
1085,311140,1
1086,311150,2
1087,311160,5
1088,311170,2
1089,311220,1
1090,311260,1
1091,311270,1
1092,311280,2
1093,311320,3
1094,311340,7
1095,311350,2
1096,311370,2
1097,311400,2
1098,311410,2
1099,311420,1
1100,311430,5
1101,311440,1
1102,311450,2
1103,311455,2
1104,311490,1
1105,311500,1
1106,311510,1
1107,311530,3
1108,311540,2
1109,311545,1
1110,311547,1
1111,311550,1
1112,311580,1
1113,311600,1
1114,311650,1
1115,311660,5
1116,311670,1
1117,311690,1
1118,311730,1
1119,311720,1
1120,311740,2
1121,311750,1
1122,311790,3
1123,311800,3
1124,311820,1
1125,311830,7
1126,311840,1
1127,311860,19
1128,311870,2
1129,311880,2
1130,311910,2
1131,311930,2
1132,311940,8
1133,311990,1
1134,311995,1
1135,312050,1
1136,312070,3
1137,312080,1
1138,312090,7
1139,312125,1
1140,312140,2
1141,312160,3
1142,312180,1
1143,312190,1
1144,312230,8
1145,312240,1
1146,312270,1
1147,312300,2
1148,312320,2
1149,312330,1
1150,312360,2
1151,312370,1
1152,312385,1
1153,312390,1
1154,312400,3
1155,312410,4
1156,312420,2
1157,312430,2
1158,312450,1
1159,312480,1
1160,312510,1
1161,312600,2
1162,312610,7
1163,312630,1
1164,312675,1
1165,312707,1
1166,312710,9
1167,312730,1
1168,312738,1
1169,312770,10
1170,312780,1
1171,312790,1
1172,312800,4
1173,312810,1
1174,312820,2
1175,312825,1
1176,312830,2
1177,312840,1
1178,312860,1
1179,312870,5
1180,312950,1
1181,312960,1
1182,312965,1
1183,312980,5
1184,313030,3
1185,313050,1
1186,313065,1
1187,313080,1
1188,313090,2
1189,313100,1
1190,313110,1
1191,313115,1
1192,313120,2
1193,313130,9
1194,313150,2
1195,313160,1
1196,313170,14
1197,313190,1
1198,313200,1
1199,313210,2
1200,313220,2
1201,313230,1
1202,313240,3
1203,313250,1
1204,313270,2
1205,313290,2
1206,313300,1
1207,313350,2
1208,313360,1
1209,313370,2
1210,313375,1
1211,313380,20
1212,313420,11
1213,313440,4
1214,313460,1
1215,313470,1
1216,313480,1
1217,313505,4
1218,313510,4
1219,313520,4
1220,313535,2
1221,313540,3
1222,313550,1
1223,313610,1
1224,313620,2
1225,313630,3
1226,313640,1
1227,313652,1
1228,313670,28
1229,313690,4
1230,313700,1
1231,313720,4
1232,313740,6
1233,313750,6
1234,313753,1
1235,313780,1
1236,313790,3
1237,313820,8
1238,313840,2
1239,313860,1
1240,313862,1
1241,313865,2
1242,313867,2
1243,313890,1
1244,313910,1
1245,313920,5
1246,313925,1
1247,313930,2
1248,313940,4
1249,313950,2
1250,313980,1
1251,313970,1
1252,314000,3
1253,314015,2
1254,314050,5
1255,314053,2
1256,314070,4
1257,314080,1
1258,314085,2
1259,314090,1
1260,314100,2
1261,314160,1
1262,314180,2
1263,314200,1
1264,314220,1
1265,314270,1
1266,314280,1
1267,314290,3
1268,314300,2
1269,314310,5
1270,314320,1
1271,314340,3
1272,314330,11
1273,314390,1
1274,314400,1
1275,314410,2
1276,314430,1
1277,314437,1
1278,314440,2
1279,314450,1
1280,314460,2
1281,314467,1
1282,314480,3
1283,314500,2
1284,314520,1
1285,314530,5
1286,314535,1
1287,314537,1
1288,314560,2
1289,314600,5
1290,314610,2
1291,314625,3
1292,314630,2
1293,314655,1
1294,314690,3
1295,314710,5
1296,314700,5
1297,314720,1
1298,314730,2
1299,314740,1
1300,314760,1
1301,314770,2
1302,314790,7
1303,314795,1
1304,314800,14
1305,314810,14
1306,314850,1
1307,314860,1
1308,314875,1
1309,314915,1
1310,314940,2
1311,314970,1
1312,314990,3
1313,315015,1
1314,315040,2
1315,315050,2
1316,315060,1
1317,315070,1
1318,315100,1
1319,315120,4
1320,315140,2
1321,315150,4
1322,315160,1
1323,315170,3
1324,315180,9
1325,315200,8
1326,315220,2
1327,315240,1
1328,315250,10
1329,315280,3
1330,315300,1
1331,315310,1
1332,315320,1
1333,315330,1
1334,315340,5
1335,315390,1
1336,315400,3
1337,315410,1
1338,315415,2
1339,315430,1
1340,315445,2
1341,315450,1
1342,315460,11
1343,315480,2
1344,315560,1
1345,315570,1
1346,315590,1
1347,315610,1
1348,315630,2
1349,315670,1
1350,315680,3
1351,315700,4
1352,315720,1
1353,315727,1
1354,315760,1
1355,315780,7
1356,315790,1
1357,315920,2
1358,315960,3
1359,315980,2
1360,315830,1
1361,315850,1
1362,315895,1
1363,315990,1
1364,316010,1
1365,316040,3
1366,316045,1
1367,316070,2
1368,316080,1
1369,316100,2
1370,316110,2
1371,316130,1
1372,316150,1
1373,316165,1
1374,316170,1
1375,316190,1
1376,316210,6
1377,316225,2
1378,316240,1
1379,316245,2
1380,316250,9
1381,316255,1
1382,316260,1
1383,316270,3
1384,316290,1
1385,316295,1
1386,316320,4
1387,316330,1
1388,316350,1
1389,316360,1
1390,316370,6
1391,316390,1
1392,316430,1
1393,316450,1
1394,316460,1
1395,316470,4
1396,316510,1
1397,316540,1
1398,316553,3
1399,316570,2
1400,316610,1
1401,316620,1
1402,316680,1
1403,316670,1
1404,316700,1
1405,316720,13
1406,316555,1
1407,316730,1
1408,316740,1
1409,316760,1
1410,316770,2
1411,316790,1
1412,316800,1
1413,316850,1
1414,316860,14
1415,316870,4
1416,316890,1
1417,316900,1
1418,316910,1
1419,316930,2
1420,316935,3
1421,316940,1
1422,316990,11
1423,317000,2
1424,317005,1
1425,317010,31
1426,317020,30
1427,317040,4
1428,317043,1
1429,317052,3
1430,317057,1
1431,317060,1
1432,317070,1
1433,317075,1
1434,317080,2
1435,317090,1
1436,317100,1
1437,317120,3
1438,317130,5
1439,317160,1
1440,317170,1
1441,317190,1
1442,317200,2
1444,320010,5
1445,320013,1
1446,320020,3
1447,320060,2
1448,320080,2
1449,320115,1
1450,320120,3
1451,320130,18
1452,320150,5
1453,320160,3
1454,320190,4
1455,320210,5
1456,320220,2
1457,320230,1
1458,320240,8
1459,320245,4
1460,320265,3
1461,320270,2
1462,320280,2
1463,320290,1
1464,320300,8
1465,320310,2
1466,320316,1
1467,320320,7
1468,320335,1
1469,320340,1
1470,320370,2
1471,320380,3
1472,320390,2
1473,320400,1
1474,320405,2
1475,320410,1
1476,320430,1
1477,320455,2
1478,320460,1
1479,320465,1
1480,320470,1
1481,320490,2
1482,320500,19
1483,320501,1
1484,320506,1
1485,320520,17
1486,320530,10
1487,330010,7
1488,330015,1
1489,330020,4
1490,330022,1
1491,330023,4
1492,330025,2
1493,330030,1
1494,330040,2
1495,330045,4
1496,330060,2
1497,330070,5
1498,330080,5
1499,330090,3
1500,330100,21
1501,330120,1
1502,330130,1
1503,330095,1
1504,330160,1
1505,330170,18
1506,330190,4
1507,330200,3
1508,330210,2
1509,330220,2
1510,330227,1
1511,330240,6
1512,330250,7
1513,330270,5
1514,330280,1
1515,330285,3
1516,330290,1
1517,330310,1
1518,330320,4
1519,330330,14
1520,330340,5
1521,330350,14
1522,330370,1
1523,330385,2
1524,330390,9
1525,330412,1
1526,330414,3
1527,330415,1
1528,330420,8
1529,330452,2
1530,330455,184
1531,330460,1
1532,330480,1
1533,330475,1
1534,330490,13
1535,330500,3
1536,330510,9
1537,330520,2
1538,330550,1
1539,330555,3
1540,330570,4
1541,330580,7
1542,330590,1
1543,330600,2
1544,330610,4
1545,330615,1
1546,330620,1
1547,330630,5
1549,350010,1
1550,350030,1
1551,350040,2
1552,350130,1
1553,350160,9
1554,350170,2
1555,350180,1
1556,350190,3
1557,350210,3
1558,350250,2
1559,350260,1
1560,350270,1
1561,350275,1
1562,350280,6
1563,350290,4
1564,350320,16
1565,350330,6
1566,350335,1
1567,350360,1
1568,350390,4
1569,350395,1
1570,350400,6
1571,350410,12
1572,350450,10
1573,350460,2
1574,350470,2
1575,350480,1
1576,350500,1
1577,350530,4
1578,350550,11
1579,350570,10
1580,350590,2
1581,350600,22
1582,350610,6
1583,350635,2
1584,350640,2
1585,350650,4
1586,350660,1
1587,350670,1
1588,350690,1
1589,350700,1
1590,350710,3
1591,350750,10
1592,350760,9
1593,350770,1
1594,350790,2
1595,350810,1
1596,350840,4
1597,350850,7
1598,350860,1
1599,350870,3
1600,350890,1
1601,350900,2
1602,350920,2
1603,350940,5
1604,350950,52
1605,350960,3
1606,350970,1
1607,351000,1
1608,351010,1
1609,351020,1
1610,351040,11
1611,351050,1
1612,351060,3
1613,351080,5
1614,351110,4
1615,351150,1
1616,351160,1
1617,351220,2
1618,351230,1
1619,351240,2
1620,351260,1
1621,351280,1
1622,351300,14
1623,351310,4
1624,351340,2
1625,351350,5
1626,351360,3
1627,351370,1
1628,351380,12
1629,351390,2
1630,351400,1
1631,351410,2
1632,351440,1
1633,351460,3
1634,351480,1
1635,351490,1
1636,351500,10
1637,351510,1
1638,351518,2
1639,355730,1
1640,351540,1
1641,351550,5
1642,351570,4
1643,351590,1
1644,351600,1
1645,351610,1
1646,351620,22
1647,351630,8
1648,351640,6
1649,351670,2
1650,351720,1
1651,351730,1
1652,351760,2
1653,351770,1
1654,351790,1
1655,351820,1
1656,351830,2
1657,351840,5
1658,351860,4
1659,351870,16
1660,351880,53
1661,351890,1
1662,351900,1
1663,351907,12
1664,351910,1
1665,351920,1
1666,351930,1
1667,351940,3
1668,351960,3
1669,351970,7
1670,352000,1
1671,352010,2
1672,352030,3
1673,352044,1
1674,352050,11
1675,352070,1
1676,352130,1
1677,352160,1
1678,352170,5
1679,352190,2
1680,352210,7
1681,352220,5
1682,352230,13
1683,352240,7
1684,352250,6
1685,352260,3
1686,352270,4
1687,352280,1
1688,352290,1
1689,352300,1
1690,352310,11
1691,352320,4
1692,352340,6
1693,352390,10
1694,352400,1
1695,352410,1
1696,352430,3
1697,352440,6
1698,352470,1
1699,352480,2
1700,352500,4
1701,352520,2
1702,352530,7
1703,352550,3
1704,352570,2
1705,352590,24
1706,352610,2
1707,352640,5
1708,352650,2
1709,352660,1
1710,352670,5
1711,352680,1
1712,352690,17
1713,352710,7
1714,352720,2
1715,352730,1
1716,352740,1
1717,352770,1
1718,352820,1
1719,352840,2
1720,352850,4
1721,352860,1
1722,352870,1
1723,352880,1
1724,352900,19
1725,352930,4
1726,352940,16
1727,352960,2
1728,352980,1
1729,353010,2
1730,353030,3
1731,353050,3
1732,353060,13
1733,353070,13
1734,353080,3
1735,353110,1
1736,353130,1
1737,353140,1
1738,353150,1
1739,353160,1
1740,353180,4
1741,353190,1
1742,353200,3
1743,353250,1
1744,353260,1
1745,353300,1
1746,353340,2
1747,353350,5
1748,353360,2
1749,353380,1
1750,353390,1
1751,353430,5
1752,353440,25
1753,353460,3
1754,353470,3
1755,353480,1
1756,353490,1
1757,353530,2
1758,353540,2
1759,353550,1
1760,353560,1
1761,353600,2
1762,353610,1
1763,353620,4
1764,353670,2
1765,353710,2
1766,353730,2
1767,353750,1
1768,353760,7
1769,353780,2
1770,353800,6
1771,353860,1
1772,353870,15
1773,353880,1
1774,353890,5
1775,353900,2
1776,353920,3
1777,353930,6
1778,353950,1
1779,353970,1
1780,353980,2
1781,354020,3
1782,354060,3
1783,354070,5
1784,354075,3
1785,354080,1
1786,354100,32
1787,354120,1
1788,354130,2
1789,354140,17
1790,354150,1
1791,354160,1
1792,354165,1
1793,354170,1
1794,354190,1
1795,354220,3
1796,354250,1
1797,354260,2
1798,354300,4
1799,354310,1
1800,354323,1
1801,354325,1
1802,354330,7
1803,354340,36
1804,354380,1
1805,354390,5
1806,354400,3
1807,354410,4
1808,354425,1
1809,354460,1
1810,354520,2
1811,354530,2
1812,354560,2
1813,354580,12
1814,354650,1
1815,354660,6
1816,354680,1
1817,354690,1
1818,354750,2
1819,354760,2
1820,354730,3
1821,354770,2
1822,354780,18
1823,354800,2
1824,354810,1
1825,354830,1
1826,354850,27
1827,354860,1
1828,354870,18
1829,354880,3
1830,354890,6
1831,354910,5
1832,354940,1
1833,354950,1
1834,354970,2
1835,354980,31
1836,354990,17
1837,354995,1
1838,355000,2
1839,355010,2
1840,355020,2
1841,355030,539
1842,355060,6
1843,355070,2
1844,355080,2
1845,355100,13
1846,355110,2
1847,355160,5
1848,355150,1
1849,355170,8
1850,355210,2
1851,355220,35
1852,355240,7
1853,355250,18
1854,355260,1
1855,355270,1
1856,355280,12
1857,355310,4
1858,355340,1
1859,355350,2
1860,355360,1
1861,355370,7
1862,355380,1
1863,355385,2
1864,355395,1
1865,355400,5
1866,355410,8
1867,355420,1
1868,355430,2
1869,355450,2
1870,355480,2
1871,355490,2
1872,355495,2
1873,355500,4
1874,355540,9
1875,355600,1
1876,355620,5
1877,355630,2
1878,355635,1
1879,355640,1
1880,355645,1
1881,355650,3
1882,355660,2
1883,355670,2
1884,355680,3
1885,355700,4
1886,355710,3
1888,410060,2
1889,410070,1
1890,410050,1
1891,410120,4
1892,410130,1
1893,410140,6
1894,410150,12
1895,410160,1
1896,410165,1
1897,410170,1
1898,410180,3
1899,410240,1
1900,410290,4
1901,410305,1
1902,410315,1
1903,410320,1
1904,410335,1
1905,410345,2
1906,410350,4
1907,410370,2
1908,410380,2
1909,410420,3
1910,410425,2
1911,410430,6
1912,410440,2
1913,410442,2
1914,410445,1
1915,410450,3
1916,410460,1
1917,410465,1
1918,410470,1
1919,410480,14
1920,410490,2
1921,410520,1
1922,410530,1
1923,410540,1
1924,410550,3
1925,410560,1
1926,410570,1
1927,410580,6
1928,410590,1
1929,410600,1
1930,410610,1
1931,410630,3
1932,410640,2
1933,410645,1
1934,410650,1
1935,410680,2
1936,410690,73
1937,410720,2
1938,412863,1
1939,410740,1
1940,410750,1
1941,410753,1
1942,410760,3
1943,410775,1
1944,410790,1
1945,410820,1
1946,410830,10
1947,410840,9
1948,410860,2
1949,410870,1
1950,410880,5
1951,410890,1
1952,410900,1
1953,410920,1
1954,410930,1
1955,410940,9
1956,410960,3
1957,410965,1
1958,410970,1
1959,410975,1
1960,410980,2
1961,411000,1
1962,411005,1
1963,411007,1
1964,411010,1
1965,411050,2
1966,411060,4
1967,411070,6
1968,411095,2
1969,411100,1
1970,411110,1
1971,411125,2
1972,411140,2
1973,411150,3
1974,411155,1
1975,411160,1
1976,411170,2
1977,411180,2
1978,411200,3
1979,411210,1
1980,411220,1
1981,411230,1
1982,411240,3
1983,411280,2
1984,411300,1
1985,411320,2
1986,411330,3
1987,411342,1
1988,411350,1
1989,411370,24
1990,411373,1
1991,411400,1
1992,411410,1
1993,411420,3
1994,411440,2
1995,411450,2
1996,411460,6
1997,411470,1
1998,411480,3
1999,411490,2
2000,411500,1
2001,411520,15
2002,411530,1
2003,411540,4
2004,411545,2
2005,411560,2
2006,411570,1
2007,411580,6
2008,411585,1
2009,411605,1
2010,411670,1
2011,411680,1
2012,411690,2
2013,411705,3
2014,411710,1
2015,411725,3
2016,411721,1
2017,411722,1
2018,411730,1
2019,411760,4
2020,411770,3
2021,411780,1
2022,411790,4
2023,411820,8
2024,411840,3
2025,411845,1
2026,411850,2
2027,411870,1
2028,411880,1
2029,411890,1
2030,411910,2
2031,411915,5
2032,411920,1
2033,411940,2
2034,411950,6
2035,411960,4
2036,411965,1
2037,411980,5
2038,411990,11
2039,411995,2
2040,412000,2
2041,412050,1
2042,412060,4
2043,412090,4
2044,412100,1
2045,412120,1
2046,412140,3
2047,412150,5
2048,412160,1
2049,412170,2
2050,412175,1
2051,412180,1
2052,412200,1
2053,412220,1
2054,412240,2
2055,412265,1
2056,412280,1
2057,412300,2
2058,412310,1
2059,412320,1
2060,412350,2
2061,412380,1
2062,412382,1
2063,412385,2
2064,412390,1
2065,412405,1
2066,412410,5
2067,412470,1
2068,412510,2
2069,412520,1
2070,412545,1
2071,412550,9
2072,412560,3
2073,412570,3
2074,412580,2
2075,412600,1
2076,412625,1
2077,412630,4
2078,412640,1
2079,412650,1
2080,412660,1
2081,412665,1
2082,412667,2
2083,412670,1
2084,412680,1
2085,412710,4
2086,412720,1
2087,412750,6
2088,412760,1
2089,412770,12
2090,412788,1
2091,412790,1
2092,412795,1
2093,412796,3
2094,412800,1
2095,412810,2
2096,412820,6
2097,412853,3
2098,412855,1
2099,412860,1
2100,412865,1
2101,420010,3
2102,420020,1
2103,420055,1
2104,420075,2
2105,420127,1
2106,420130,2
2107,420140,3
2108,420170,2
2109,420190,1
2110,420195,2
2111,420205,2
2112,420200,6
2113,421280,1
2114,420210,3
2115,420215,1
2116,420220,1
2117,420230,6
2118,420240,27
2119,420243,1
2120,420250,2
2121,420260,1
2122,420280,3
2123,420290,3
2124,420300,10
2125,420310,1
2126,420320,2
2127,420340,1
2128,420350,2
2129,420360,2
2130,420380,2
2131,420400,1
2132,420420,16
2133,420425,3
2134,420430,14
2135,420435,1
2136,420455,2
2137,420450,1
2138,420460,23
2139,420470,1
2140,420480,1
2141,420500,3
2142,420517,1
2143,420530,2
2144,420535,1
2145,420540,21
2146,420545,1
2147,420550,1
2148,420570,1
2149,420580,2
2150,420590,8
2151,420600,1
2152,420610,2
2153,420620,2
2154,420630,1
2155,420660,1
2156,420665,1
2157,420670,5
2158,420690,1
2159,420700,5
2160,420730,3
2161,420750,5
2162,420757,1
2163,420765,1
2164,420770,1
2165,420775,2
2166,420785,1
2167,420790,2
2168,420800,1
2169,420810,3
2170,420820,11
2171,420830,2
2172,420845,1
2173,420850,1
2174,420870,1
2175,420880,1
2176,420890,9
2177,420900,1
2178,420910,29
2179,420915,1
2180,420930,18
2181,420940,2
2182,420950,1
2183,420990,1
2184,421000,1
2185,421010,8
2186,421050,2
2187,421055,1
2188,421100,1
2189,421120,1
2190,421130,7
2191,421140,1
2192,421145,1
2193,421170,3
2194,421190,9
2195,421200,3
2196,421210,2
2197,421220,5
2198,421223,1
2199,421227,1
2200,421240,1
2201,421250,3
2202,421260,1
2203,421290,2
2204,421315,1
2205,421320,9
2206,421330,2
2207,421335,1
2208,421340,4
2209,421350,1
2210,421360,5
2211,421370,2
2212,421380,1
2213,421400,5
2214,421415,3
2215,421420,1
2216,421460,1
2217,421480,4
2218,421470,2
2219,421490,1
2220,421500,4
2221,421510,1
2222,421520,2
2223,421530,1
2224,421580,6
2225,421600,2
2226,421610,1
2227,421620,3
2228,421630,2
2229,421635,1
2230,421625,1
2231,421640,1
2232,421650,3
2233,421660,18
2234,421670,1
2235,421680,1
2236,421690,4
2237,421700,1
2238,421715,1
2239,421720,2
2240,421725,1
2241,421750,3
2242,421760,1
2243,421800,4
2244,421820,7
2245,421850,1
2246,421870,11
2247,421875,1
2248,421900,5
2249,421910,1
2250,421917,1
2251,421930,5
2252,421950,6
2253,421960,1
2254,421970,2
2255,430010,4
2256,430020,1
2257,430030,1
2258,430040,7
2259,430045,1
2260,430050,4
2261,430057,2
2262,430060,9
2263,430064,5
2264,430070,2
2265,430080,5
2266,430100,1
2267,430105,3
2268,430120,5
2269,430130,4
2270,430140,2
2271,430150,1
2272,430160,6
2273,430163,1
2274,430170,1
2275,430175,1
2276,430185,1
2277,430180,2
2278,430200,1
2279,430205,1
2280,430210,12
2281,430220,2
2282,430223,1
2283,430225,1
2284,430230,1
2285,430237,1
2286,430240,2
2287,430245,3
2288,430250,2
2289,430258,1
2290,430265,1
2291,430270,3
2292,430280,4
2293,430290,1
2294,430300,7
2295,430310,4
2296,430330,2
2297,430350,6
2298,430367,1
2299,430380,4
2300,430390,4
2301,430400,1
2302,430420,9
2303,430435,2
2304,430440,4
2305,430450,2
2306,430460,16
2307,430462,1
2308,430463,4
2309,430466,2
2310,430470,4
2311,430480,3
2312,430490,1
2313,430500,1
2314,430510,34
2315,430513,2
2316,430517,1
2317,430520,2
2318,430530,2
2319,430545,2
2320,430550,2
2321,430580,1
2322,430583,1
2323,430590,2
2324,430595,1
2325,430600,2
2326,430607,2
2327,430610,5
2328,430620,3
2329,430630,1
2330,430632,1
2331,430640,3
2332,430650,2
2333,430660,3
2334,430676,4
2335,430680,2
2336,430690,6
2337,430693,2
2338,430697,1
2339,430700,7
2340,430705,1
2341,430745,1
2342,430750,3
2343,430755,1
2344,430760,1
2345,430770,6
2346,430780,5
2347,430781,3
2348,430790,3
2349,430800,2
2350,430810,2
2351,430820,1
2352,430830,3
2353,430843,3
2354,430845,2
2355,430860,3
2356,430880,2
2357,430890,4
2358,430900,2
2359,430905,3
2360,430910,2
2361,430915,1
2362,430920,11
2363,430930,7
2364,430940,5
2365,430950,1
2366,430955,1
2367,430710,2
2368,430960,2
2369,430965,1
2370,430970,2
2371,430975,1
2372,430990,2
2373,431000,3
2374,431010,4
2375,431020,9
2376,431030,1
2377,431033,1
2378,431036,1
2379,431040,1
2380,431043,1
2381,431050,1
2382,431053,1
2383,431057,1
2384,431060,4
2385,431070,1
2386,431080,1
2387,431085,1
2388,431100,2
2389,431110,4
2390,431115,2
2391,431120,4
2392,431130,3
2393,431125,4
2394,431140,14
2395,431160,1
2396,431162,2
2397,431171,1
2398,431173,3
2399,431175,1
2400,431177,1
2401,431180,7
2402,431190,1
2403,431210,1
2404,431213,1
2405,431215,2
2406,431230,1
2407,431237,1
2408,431238,1
2409,431240,8
2410,431245,3
2411,431247,2
2412,431250,1
2413,431261,1
2414,431265,5
2415,431267,1
2416,431270,3
2417,431275,1
2418,431290,1
2419,431295,2
2420,431306,1
2421,431310,2
2422,431330,2
2423,431333,1
2424,431339,1
2425,431340,12
2426,431350,2
2427,431360,1
2428,431370,4
2429,431380,1
2430,431390,3
2431,431395,3
2432,431400,2
2433,431402,2
2434,431405,1
2435,431406,2
2436,431407,2
2437,431410,16
2438,431415,2
2439,431420,1
2440,431440,24
2441,431445,1
2442,431460,2
2443,431470,1
2444,431475,1
2445,431478,1
2446,431480,4
2447,431490,84
2448,431500,2
2449,431510,4
2450,431515,2
2451,431530,3
2452,431535,1
2453,431540,2
2454,431550,1
2455,431555,1
2456,431560,9
2457,431570,3
2458,431580,3
2459,431590,2
2460,431600,4
2461,431620,1
2462,431630,2
2463,431640,3
2464,431642,1
2465,431643,1
2466,431645,1
2467,431660,2
2468,431710,9
2469,431680,34
2470,431690,17
2471,431720,4
2472,431730,5
2473,431700,1
2474,431740,9
2475,431750,4
2476,431760,5
2477,431770,4
2478,431755,1
2479,431775,1
2480,431780,1
2481,431790,3
2482,431795,1
2483,431800,2
2484,431805,1
2485,431810,4
2486,431820,1
2487,431830,12
2488,431840,4
2489,431843,1
2490,431849,1
2491,431850,2
2492,431860,2
2493,431862,1
2494,431870,15
2495,431880,4
2496,431890,2
2497,431900,8
2498,431915,1
2499,431940,2
2500,431950,2
2501,431960,3
2502,431990,5
2503,432000,11
2504,432010,2
2505,432023,1
2506,432035,1
2507,432045,2
2508,432050,1
2509,432067,3
2510,432070,5
2511,432080,1
2512,432090,6
2513,432110,1
2514,432120,4
2515,432130,7
2516,432132,2
2517,432140,4
2518,432143,3
2519,432145,11
2520,432146,1
2521,432150,1
2522,432160,7
2523,432162,2
2524,432166,1
2525,432170,2
2526,432180,2
2527,432183,1
2528,432185,1
2529,432190,3
2530,432195,1
2531,432200,2
2532,432215,1
2533,432220,3
2534,432230,1
2535,432234,1
2536,432237,1
2537,432240,4
2538,432250,7
2539,432253,2
2540,432254,1
2541,432260,14
2542,432270,7
2543,432280,4
2544,432285,1
2545,432290,1
2546,432300,18
2547,432310,1
2548,432330,1
2549,432375,2
2550,432377,1
2551,432380,1
2552,500020,2
2553,500060,8
2554,500070,1
2555,500080,1
2556,500085,1
2557,500090,2
2558,500100,10
2559,500110,3
2560,500124,2
2561,500150,2
2562,500190,1
2563,500210,4
2564,500215,1
2565,500220,2
2566,500230,2
2567,500240,1
2568,500260,1
2569,500270,41
2570,500280,2
2571,500290,4
2572,500295,3
2573,500310,1
2574,500315,2
2575,500320,6
2576,500325,1
2577,500330,3
2578,500345,3
2579,500370,22
2580,500375,1
2581,500380,3
2582,500390,1
2583,500410,2
2584,500430,2
2585,500460,2
2586,500470,2
2587,500480,4
2588,500490,1
2589,500500,1
2590,500510,1
2591,500525,4
2592,500540,2
2593,500568,1
2594,500570,1
2595,500580,1
2596,500600,2
2597,500620,2
2598,500625,1
2599,500630,7
2600,500635,8
2601,500660,5
2602,500690,1
2603,500710,2
2604,500720,1
2605,500769,2
2606,500780,2
2607,500770,1
2608,500790,4
2609,500793,1
2610,500795,5
2611,500830,6
2612,510025,5
2613,510030,3
2614,510125,3
2615,510140,1
2616,510170,2
2617,510180,9
2618,510185,1
2619,510190,1
2620,510250,9
2621,510260,1
2622,510263,4
2623,510267,2
2624,510270,2
2625,510279,1
2626,510305,1
2627,510320,1
2628,510337,1
2629,510340,24
2630,510343,1
2631,510370,1
2632,510385,1
2633,510410,1
2634,510420,1
2635,510452,1
2636,510480,2
2637,510510,2
2638,510515,4
2639,510520,1
2640,510525,5
2641,510558,1
2642,510560,3
2643,510562,1
2644,510610,1
2645,510615,1
2646,510617,1
2647,510624,1
2648,510630,2
2649,510650,2
2650,510700,3
2651,510704,2
2652,510718,1
2653,510760,10
2654,510777,1
2655,510785,2
2656,510730,2
2657,510735,1
2658,510710,2
2659,510787,2
2660,510790,6
2661,510792,4
2662,510795,10
2663,510810,1
2664,510820,1
2665,510840,4
2666,510850,2
2667,520005,2
2668,520010,2
2669,520013,1
2670,520025,5
2671,520030,2
2672,520060,1
2673,520090,1
2674,520110,18
2675,520130,2
2676,520140,20
2677,520170,1
2678,520180,1
2679,520260,2
2680,520320,1
2681,520330,3
2682,520340,1
2683,520355,1
2684,520390,2
2685,520430,1
2686,520450,6
2687,520470,2
2688,520485,1
2689,520505,1
2690,520510,3
2691,520530,1
2692,520540,1
2693,520549,1
2694,520551,1
2695,520620,3
2696,520640,1
2697,520670,2
2698,520735,2
2699,520740,2
2700,520753,1
2701,520760,2
2702,520780,1
2703,520790,1
2704,520800,1
2705,520840,1
2706,520860,2
2707,520870,79
2708,520880,2
2709,520890,2
2710,520910,4
2711,520920,3
2712,520929,1
2713,520945,1
2714,520990,5
2715,521000,6
2716,521010,3
2717,521015,1
2718,521020,5
2719,521040,3
2720,521120,3
2721,521150,4
2722,521180,1
2723,521190,5
2724,521210,1
2725,521250,8
2726,521270,1
2727,521300,1
2728,521310,4
2729,521350,1
2730,521370,2
2731,521380,3
2732,521450,4
2733,521460,2
2734,521483,1
2735,521486,2
2736,521487,1
2737,521523,1
2738,521550,1
2739,521560,1
2740,521580,1
2741,521590,1
2742,521690,1
2743,521710,3
2744,521730,2
2745,521740,1
2746,521760,2
2747,521770,2
2748,521800,4
2749,521830,3
2750,521850,3
2751,521880,12
2752,521900,1
2753,521925,1
2754,521930,2
2755,521970,1
2756,521975,6
2757,522010,4
2758,522015,1
2759,522020,2
2760,522040,1
2761,522045,2
2762,522050,1
2763,522060,2
2764,522140,2
2765,522157,1
2766,522170,1
2767,522180,1
2768,522185,5
2769,522200,2
2771,530010,100
