,MUNCOD,Total
0,110001,1
1,110037,2
2,110040,2
3,110034,2
4,110002,2
5,110045,1
6,110003,1
7,110004,8
8,110080,1
9,110090,1
10,110005,1
11,110092,1
12,110006,1
13,110008,4
14,110009,2
15,110100,2
16,110010,6
17,110012,5
18,110013,5
19,110130,2
20,110143,2
21,110050,2
22,110015,3
23,110145,1
24,110018,4
25,110020,39
26,110025,2
27,110028,4
28,110148,1
29,110149,2
30,110032,1
31,110150,2
32,110155,1
33,110160,1
34,110030,10
35,120010,1
36,120020,6
37,120025,2
38,120030,3
39,120033,3
40,120034,1
41,120035,5
42,120038,1
43,120080,1
44,120040,31
45,120050,2
46,120045,1
47,120060,1
48,120070,1
49,130006,1
50,130008,1
51,130014,1
52,130040,2
53,130060,10
54,130068,2
55,130070,1
56,130083,2
57,130100,3
58,130110,1
59,130120,6
60,130130,1
61,130140,8
62,130150,7
63,130170,2
64,130180,1
65,130185,4
66,130190,4
67,130195,1
68,130220,1
69,130230,3
70,130250,3
71,130260,103
72,130280,3
73,130290,1
74,130300,1
75,130310,1
76,130340,6
77,130350,1
78,130370,4
79,130380,10
80,130390,8
81,130395,1
82,130406,19
83,130420,9
84,130426,1
85,130430,1
86,140005,2
87,140002,2
88,140010,21
89,140015,1
90,140017,4
91,140020,2
92,140028,1
93,140030,2
94,140060,1
95,140070,1
96,150010,4
97,150040,2
98,150050,3
99,150060,12
100,150070,3
101,150080,23
102,150085,3
103,150090,1
104,150120,2
105,150130,9
106,150140,55
107,150145,1
108,150150,1
109,150170,4
110,150178,3
111,150180,4
112,150210,7
113,150215,2
114,150220,1
115,150230,3
116,150240,11
117,150260,2
118,150275,1
119,150280,1
120,150285,2
121,150290,2
122,150293,1
123,150295,3
124,150300,1
125,150304,1
126,150307,2
127,150310,1
128,150320,2
129,150330,1
130,150360,13
131,150370,2
132,150375,2
133,150380,2
134,150390,1
135,150405,5
136,150420,13
137,150442,1
138,150450,1
139,150470,3
140,150475,0
141,150480,4
142,150490,1
143,150495,2
144,150503,3
145,150506,2
146,150510,1
147,150520,1
148,150530,2
149,150548,4
150,150550,5
151,150553,17
152,150555,1
153,150565,2
154,150570,1
155,150580,5
156,150590,1
157,150600,5
158,150610,1
159,150613,6
160,150616,2
161,150618,2
162,150619,3
163,150620,1
164,150630,1
165,150635,1
166,150650,2
167,150658,1
168,150680,17
169,150710,2
170,150720,1
171,150730,2
172,150740,1
173,150760,1
174,150795,4
175,150796,1
176,150797,2
177,150800,3
178,150805,1
179,150808,3
180,150810,5
181,150812,1
182,150815,3
183,150830,4
184,150840,3
186,160020,1
187,160021,1
188,160027,4
189,160030,42
190,160040,3
191,160050,1
192,160015,3
193,160053,2
194,160060,5
195,170025,1
196,170070,1
197,170100,2
198,170110,1
199,170130,1
200,170200,1
201,170210,11
202,170220,5
203,170240,1
204,170255,2
205,170310,1
206,170330,2
207,170460,2
208,170550,4
209,171670,1
210,170700,3
211,170740,3
212,170765,1
213,170820,2
214,170930,3
215,170950,5
216,171050,2
217,171190,1
218,171240,1
219,171320,1
220,171330,2
221,171420,5
222,171430,1
223,171488,3
224,172100,24
225,171570,3
226,171610,5
227,171650,1
228,171660,1
229,171665,1
230,171750,1
231,171820,5
232,171830,1
233,171880,1
234,171886,1
235,171890,1
236,171900,1
237,172020,2
238,172049,1
239,172080,1
240,172120,2
241,172130,2
242,172208,1
243,210005,11
244,210030,1
245,210043,1
246,210050,1
247,210055,1
248,210095,4
249,210100,2
250,210110,1
251,210120,8
252,210130,1
253,210140,6
254,210160,7
255,210170,2
256,210173,1
257,210200,1
258,210203,2
259,210210,1
260,210215,1
261,210220,2
262,210232,1
263,210235,2
264,210255,1
265,210270,2
266,210275,1
267,210300,18
268,210315,1
269,210317,1
270,210320,2
271,210330,4
272,210340,3
273,210350,3
274,210355,1
275,210360,4
276,210370,4
277,210375,1
278,210390,1
279,210400,1
280,210405,4
281,210420,1
282,210455,2
283,210460,1
284,210462,1
285,210480,5
286,210490,1
287,210500,1
288,210515,1
289,210520,2
290,210530,17
291,210540,2
292,210542,2
293,210550,1
294,210560,1
295,210570,2
296,210590,1
297,210592,1
298,210600,1
299,210610,1
300,210640,2
301,210650,2
302,210660,3
303,210663,1
304,210670,3
305,210675,2
306,210680,1
307,210690,2
308,210720,1
309,210725,1
310,210740,1
311,210750,4
312,210770,2
313,210780,1
314,210790,2
315,210845,1
316,210850,2
317,210860,6
318,210880,1
319,210890,1
320,210900,3
321,210910,5
322,210940,1
323,210950,5
324,210955,1
325,210960,1
326,210975,1
327,211000,6
328,211003,4
329,211020,1
330,211040,1
331,211050,1
332,211060,1
333,211070,2
334,211100,1
335,211107,1
336,211110,3
337,211120,5
338,211130,37
339,211140,1
340,211150,1
341,211163,1
342,211176,2
343,211190,1
344,211200,2
345,211220,14
346,211230,5
347,211240,2
348,211250,1
349,211270,2
350,211280,2
351,211285,2
352,211290,1
353,211300,2
354,211400,2
355,220010,1
356,220020,3
357,220025,2
358,220030,3
359,220040,5
360,220050,2
361,220090,1
362,220095,1
363,220105,1
364,220120,1
365,220130,1
366,220140,1
367,220150,3
368,220155,1
369,220160,1
370,220173,1
371,220177,1
372,220190,4
373,220200,1
374,220209,1
375,220211,1
376,220213,1
377,220220,8
378,220230,1
379,220240,3
380,220255,1
381,220260,1
382,220270,1
383,220275,1
384,220280,2
385,220290,1
386,220300,2
387,220320,3
388,220327,1
389,220330,2
390,220345,1
391,220370,2
392,220385,1
393,220390,3
394,220400,1
395,220430,1
396,220450,3
397,220470,1
398,220480,1
399,220490,2
400,220500,2
401,220510,3
402,220515,2
403,220520,1
404,220545,1
405,220550,4
406,220553,1
407,220558,1
408,220554,2
409,220570,2
410,220580,1
411,220585,1
412,220610,1
413,220650,2
414,220660,2
415,220667,2
416,220672,2
417,220795,2
418,220695,1
419,220700,6
420,220730,1
421,220750,2
422,220755,1
423,220770,20
424,220779,1
425,220780,3
426,220790,5
427,220800,13
428,220820,2
429,220830,5
430,220840,5
431,220850,1
432,220865,1
433,220870,2
434,220880,4
435,220890,1
436,220900,1
437,220910,4
438,220915,1
439,220935,1
440,220950,1
441,220960,1
442,220965,2
443,220980,1
444,220987,1
445,220990,1
446,221000,7
447,221010,2
448,221020,4
449,221050,2
450,221060,10
451,221070,1
452,221080,3
453,221093,3
454,221095,2
455,221100,85
456,221110,1
457,221120,5
458,221130,2
459,221135,1
460,221140,1
461,221160,1
462,221170,1
463,230010,1
464,230015,2
465,230020,5
466,230030,9
467,230040,1
468,230050,3
469,230060,2
470,230075,2
471,230080,1
472,230090,5
473,230100,4
474,230110,1
475,230120,2
476,230125,2
477,230130,1
478,230150,1
479,230160,4
480,230170,3
481,230185,1
482,230190,6
483,230195,2
484,230200,3
485,230205,1
486,230210,5
487,230220,3
488,230230,2
489,230240,3
490,230250,5
491,230260,5
492,230270,2
493,230280,11
494,230300,1
495,230310,1
496,230320,4
497,230330,5
498,230340,3
499,230350,2
500,230360,3
501,230365,1
502,230370,10
503,230380,3
504,230390,3
505,230393,1
506,230395,3
507,230410,6
508,230420,11
509,230423,1
510,230425,1
511,230426,2
512,230428,5
513,230430,2
514,230435,4
515,230440,167
516,230445,1
517,230470,7
518,230490,1
519,230495,1
520,230500,7
521,230526,1
522,230530,2
523,230540,3
524,230550,12
525,230560,4
526,230565,2
527,230570,2
528,230580,2
529,230590,4
530,230600,4
531,230610,1
532,230625,1
533,230630,1
534,230640,7
535,230650,1
536,230655,1
537,230660,3
538,230670,1
539,230680,1
540,230690,4
541,230700,3
542,230710,3
543,230725,1
544,230730,21
545,230740,2
546,230750,5
547,230760,1
548,230763,4
549,230765,13
550,230770,5
551,230800,2
552,230810,2
553,230820,2
554,230830,3
555,230840,2
556,230850,10
557,230860,3
558,230870,4
559,230890,2
560,230900,1
561,230920,3
562,230930,2
563,230940,4
564,230945,2
565,230950,1
566,230960,3
567,230970,2
568,230980,1
569,231010,1
570,231020,5
571,231030,1
572,231040,1
573,231050,1
574,231070,4
575,231080,1
576,231085,2
577,231090,2
578,231100,2
579,231110,2
580,231120,3
581,231126,2
582,231130,7
583,231135,2
584,231140,5
585,231160,1
586,231170,1
587,231180,4
588,231195,2
589,231220,6
590,231200,3
591,231210,3
592,231230,4
593,231240,3
594,231260,1
595,231270,4
596,231280,2
597,231290,16
598,231320,2
599,231330,7
600,231335,2
601,231340,8
602,231350,4
603,231355,1
604,231360,3
605,231370,1
606,231375,4
607,231380,2
608,231390,1
609,231395,3
610,231400,2
611,231410,6
612,240010,1
613,240020,5
614,240050,1
615,240060,1
616,240100,3
617,240110,1
618,240120,3
619,240130,2
620,240140,1
621,240145,1
622,240165,1
623,240170,1
624,240180,1
625,240200,8
626,240220,2
627,240240,1
628,240260,4
629,240270,3
630,240280,1
631,240290,1
632,240310,5
633,240320,1
634,240330,1
635,240360,2
636,240380,1
637,240420,2
638,240485,1
639,240490,1
640,240540,1
641,240560,1
642,240570,4
643,240580,2
644,240600,1
645,240610,4
646,240620,1
647,240630,1
648,240650,1
649,240670,1
650,240710,2
651,240720,2
652,240730,1
653,240750,2
654,240780,1
655,240800,18
656,240810,37
657,240820,1
658,240840,1
659,240890,6
660,240325,11
661,240930,4
662,240940,3
663,240990,1
664,241010,4
665,241100,1
666,241120,5
667,241140,1
668,241170,1
669,241200,4
670,241210,3
671,241220,2
672,241230,1
673,241250,3
674,241280,1
675,241310,1
676,241330,1
677,241360,1
678,241410,1
679,241420,1
680,241445,1
681,241450,1
682,250010,2
683,250020,1
684,250030,1
685,250077,1
686,250080,1
687,250110,1
688,250130,1
689,250153,1
690,250160,1
691,250170,1
692,250180,3
693,250215,1
694,250220,1
695,250230,1
696,250240,2
697,250250,1
698,250300,2
699,250320,3
700,250370,8
701,250400,26
702,250410,1
703,250430,1
704,250440,1
705,250470,1
706,250480,1
707,250500,2
708,250510,2
709,250527,1
710,250560,2
711,250570,1
712,250600,4
713,250625,1
714,250630,8
715,250640,1
716,250670,2
717,250680,1
718,250690,1
719,250700,3
720,250740,1
721,250750,41
722,250800,1
723,250830,1
724,250855,1
725,250870,2
726,250880,1
727,250905,1
728,250910,2
729,250920,1
730,250970,5
731,251010,1
732,251020,4
733,251040,1
734,251080,9
735,251090,1
736,251120,1
737,251130,5
738,251140,1
739,251160,1
740,251170,1
741,251190,2
742,251210,1
743,251230,3
744,251250,5
745,251270,1
746,251280,1
747,251330,1
748,251340,1
749,251370,6
750,251380,1
751,251360,1
752,251385,1
753,251392,1
754,251390,5
755,251400,1
756,250070,2
757,251450,1
758,251455,1
759,251470,1
760,251490,2
761,251510,1
762,251520,1
763,251530,3
764,251610,4
765,251620,7
766,251630,2
767,251650,2
768,251660,1
769,251670,1
770,251710,1
772,260005,4
773,260010,1
774,260020,2
775,260030,1
776,260040,1
777,260050,1
778,260070,1
779,260080,1
780,260110,3
781,260120,6
782,260130,1
783,260160,2
784,260170,3
785,260190,4
786,260200,2
787,260210,5
788,260230,1
789,260240,1
790,260260,1
791,260270,1
792,260280,4
793,260290,4
794,260300,3
795,260340,1
796,260345,3
797,260360,1
798,260370,1
799,260390,2
800,260400,1
801,260410,16
802,260415,1
803,260430,1
804,260440,1
805,260450,1
806,260460,1
807,260490,3
808,260510,3
809,260520,3
810,260530,5
811,260540,2
812,260560,3
813,260570,2
814,260580,1
815,260590,1
816,260600,7
817,260610,1
818,260620,2
819,260630,1
820,260640,5
821,260650,4
822,260660,2
823,260680,5
824,260690,1
825,260760,1
826,260700,1
827,260720,1
828,260730,3
829,260750,2
830,260765,1
831,260770,1
832,260780,1
833,260790,21
834,260800,1
835,260810,2
836,260825,1
837,260840,1
838,260850,3
839,260860,1
840,260870,1
841,260875,3
842,260880,2
843,260890,4
844,260915,2
845,260920,1
846,260930,3
847,260940,2
848,260960,14
849,260970,2
850,260990,5
851,261000,1
852,261010,1
853,261020,2
854,261050,1
855,261060,2
856,261070,10
857,261080,1
858,261090,4
859,261110,23
860,261120,1
861,261130,2
862,261140,1
863,261150,1
864,261153,1
865,261160,77
866,261210,1
867,261220,2
868,261230,1
869,261240,2
870,261245,1
871,261247,4
872,261250,5
873,261255,2
874,261260,2
875,261270,1
876,261300,8
877,261310,1
878,261320,3
879,261330,3
880,261350,2
881,261360,1
882,261370,4
883,261380,1
884,261390,2
885,261410,2
886,261420,1
887,261450,3
888,261460,3
889,261470,1
890,261500,1
891,261510,1
892,261520,2
893,261530,8
894,261540,4
895,261560,1
896,261570,1
897,261580,1
898,261610,1
899,261630,1
900,261640,9
902,270020,2
903,270030,11
904,270070,1
905,270100,1
906,270110,1
907,270120,1
908,270130,2
909,270190,1
910,270200,2
911,270230,2
912,270240,4
913,270250,2
914,270255,1
915,270280,1
916,270290,4
917,270300,1
918,270310,2
919,270320,1
920,270380,1
921,270400,2
922,270410,2
923,270430,36
924,270440,2
925,270450,2
926,270460,3
927,270470,1
928,270480,1
929,270500,1
930,270520,1
931,270550,1
932,270570,1
933,270580,1
934,270590,1
935,270630,5
936,270640,1
937,270670,1
938,270690,1
939,270710,1
940,270720,1
941,270730,2
942,270750,2
943,270770,1
944,270800,3
945,270820,1
946,270830,1
947,270840,4
948,270860,2
949,270900,1
950,270910,3
951,270915,1
952,270920,3
953,270930,5
954,270940,2
955,280020,4
956,280030,23
957,280040,2
958,280050,2
959,280060,3
960,280067,2
961,280100,3
962,280120,1
963,280140,1
964,280150,1
965,280190,2
966,280210,3
967,280240,1
968,280260,1
969,280270,1
970,280280,1
971,280290,7
972,280300,2
973,280320,2
974,280330,3
975,280350,10
976,280360,1
977,280400,1
978,280420,2
979,280430,2
980,280440,1
981,280445,1
982,280450,2
983,280460,3
984,280480,13
985,280520,1
986,280540,1
987,280550,1
988,280560,1
989,280570,1
990,280580,1
991,280590,1
992,280600,2
993,280620,2
994,280630,1
995,280670,5
996,280680,1
997,280690,1
998,280710,5
999,280720,1
1000,280740,4
1001,280750,2
1002,280760,2
1003,290020,4
1004,290035,1
1005,290040,2
1006,290060,1
1007,290070,7
1008,290080,1
1009,290100,2
1010,290110,1
1011,290120,3
1012,290130,2
1013,290135,2
1014,290140,1
1015,290160,1
1016,290190,3
1017,290195,1
1018,290205,1
1019,290210,2
1020,290220,1
1021,290240,1
1022,290280,1
1023,290290,2
1024,290300,2
1025,290320,1
1026,290323,2
1027,290330,1
1028,290340,1
1029,290360,1
1030,290380,2
1031,290405,2
1032,290410,3
1033,290420,2
1034,290430,1
1035,290450,1
1036,290460,5
1037,290475,4
1038,290485,1
1039,290500,1
1040,290515,2
1041,290520,2
1042,290530,1
1043,290560,1
1044,290570,7
1045,290580,2
1046,290590,1
1047,290600,4
1048,290610,1
1049,290620,4
1050,290630,4
1051,290670,1
1052,290680,4
1053,290682,1
1054,290710,3
1055,290720,3
1056,290750,2
1057,290780,2
1058,290790,1
1059,290800,1
1060,290810,2
1061,290840,2
1062,290850,2
1063,290860,1
1064,290870,2
1065,290890,2
1066,290920,1
1067,290930,2
1068,290940,1
1069,290960,1
1070,290980,5
1071,290990,3
1072,291005,2
1073,291010,1
1074,291040,1
1075,290050,1
1076,291070,1
1077,291072,4
1078,291075,2
1079,291080,8
1080,291085,1
1081,291120,2
1082,291130,2
1083,291140,2
1084,291170,9
1085,291180,1
1086,291185,1
1087,291200,1
1088,291230,1
1089,291240,1
1090,291250,1
1091,291290,2
1092,291310,1
1093,291320,3
1094,291330,1
1095,291345,1
1096,291350,1
1097,291360,7
1098,291370,2
1099,291400,4
1100,291440,1
1101,291460,4
1102,291465,1
1103,291470,4
1104,291480,4
1105,291490,3
1106,291500,1
1107,291570,1
1108,291600,1
1109,291610,1
1110,291640,4
1111,291650,2
1112,291700,3
1113,291710,2
1114,291720,1
1115,291730,3
1116,291735,1
1117,291750,2
1118,291760,1
1119,291800,5
1120,291810,3
1121,291820,1
1122,291840,10
1123,291850,1
1124,291860,1
1125,291870,1
1126,291880,1
1127,291900,2
1128,291915,1
1129,291920,2
1130,291930,1
1131,291940,2
1132,291950,2
1133,291955,4
1134,291980,2
1135,291992,1
1136,292010,1
1137,292020,1
1138,292030,1
1139,292045,2
1140,292060,2
1141,292070,2
1142,292090,1
1143,292105,2
1144,292120,1
1145,292140,2
1146,292150,3
1147,292170,2
1148,292180,1
1149,292200,2
1150,292205,1
1151,292210,1
1152,292220,1
1153,292230,2
1154,292250,1
1155,292285,2
1156,292290,2
1157,292300,1
1158,292303,1
1159,292310,1
1160,292320,4
1161,292340,1
1162,292360,1
1163,292370,4
1164,292400,9
1165,292405,2
1166,292410,1
1167,292440,4
1168,292450,1
1169,292465,1
1170,292510,2
1171,292520,1
1172,292525,2
1173,292530,8
1174,292540,1
1175,292550,1
1176,292560,1
1177,292570,2
1178,292575,2
1179,292590,1
1180,292600,1
1181,292620,1
1182,292630,2
1183,292640,2
1184,292660,3
1185,292670,1
1186,292700,2
1187,292710,1
1188,292720,2
1189,292740,68
1190,292760,1
1191,292780,1
1192,292810,1
1193,292840,2
1194,292800,1
1195,292820,4
1196,292860,5
1197,292870,4
1198,292880,1
1199,292890,1
1200,292910,2
1201,292900,1
1202,292905,2
1203,292920,1
1204,292925,2
1205,292930,1
1206,292960,1
1207,292970,1
1208,292980,1
1209,292990,2
1210,293010,4
1211,293020,1
1212,293015,2
1213,293030,2
1214,293050,5
1215,293060,1
1216,293070,2
1217,293080,1
1218,293090,1
1219,293100,1
1220,293105,3
1221,293110,1
1222,293130,1
1223,293135,2
1224,293140,1
1225,293150,1
1226,293160,1
1227,293180,2
1228,293190,1
1229,293200,1
1230,293210,2
1231,293220,1
1232,293240,1
1233,293245,1
1234,293250,1
1235,293260,2
1236,293290,3
1237,293325,1
1238,293330,15
1239,293345,2
1240,293360,5
1242,310010,1
1243,310020,1
1244,310030,3
1245,310080,1
1246,310090,2
1247,310110,1
1248,310130,1
1249,310150,2
1250,310160,7
1251,310163,1
1252,310170,1
1253,310180,1
1254,310200,3
1255,310210,3
1256,310230,3
1257,310240,2
1258,310250,1
1259,310260,8
1260,310280,3
1261,310300,1
1262,310350,11
1263,310360,1
1264,310370,3
1265,310390,1
1266,310400,10
1267,310410,1
1268,310420,6
1269,310430,2
1270,310445,1
1271,310450,3
1272,310460,2
1273,310490,1
1274,310500,1
1275,310510,5
1276,310530,3
1277,310540,2
1278,310560,8
1279,310600,2
1280,310620,145
1281,310630,1
1282,310640,1
1283,310670,18
1284,310690,2
1285,310710,2
1286,310720,1
1287,310730,4
1288,310740,2
1289,310750,1
1290,310770,1
1291,310780,2
1292,310790,2
1293,310825,1
1294,310830,2
1295,310840,1
1296,310870,2
1297,310855,1
1298,310860,2
1299,310880,1
1300,310900,1
1301,310910,1
1302,310920,2
1303,310930,2
1304,310940,2
1305,310950,1
1306,310970,2
1307,311000,3
1308,311030,5
1309,311050,4
1310,311060,2
1311,311090,3
1312,311100,3
1313,311110,1
1314,311120,2
1315,311130,1
1316,311140,2
1317,311150,2
1318,311160,2
1319,311190,2
1320,311180,1
1321,311220,1
1322,311230,2
1323,311250,1
1324,311280,3
1325,311300,2
1326,311320,2
1327,311330,1
1328,311340,5
1329,311370,1
1330,311390,1
1331,311400,1
1332,311420,4
1333,311430,4
1334,311440,5
1335,311450,3
1336,311460,1
1337,311480,2
1338,311510,1
1339,311530,1
1340,311547,1
1341,311550,6
1342,311570,1
1343,311580,1
1344,311590,2
1345,311610,1
1346,311630,3
1347,311660,4
1348,311670,1
1349,311700,1
1350,311710,1
1351,311730,4
1352,311720,1
1353,311750,4
1354,311760,1
1355,311770,2
1356,311790,2
1357,311800,3
1358,311830,9
1359,311840,2
1360,311850,1
1361,311860,33
1362,311870,1
1363,311880,3
1364,311890,1
1365,311910,1
1366,311930,2
1367,311940,5
1368,311960,1
1369,311990,1
1370,311995,1
1371,312020,1
1372,312050,1
1373,312080,2
1374,312090,6
1375,312110,1
1376,312125,1
1377,312130,1
1378,312140,2
1379,312160,2
1380,312190,1
1381,312200,1
1382,312220,1
1383,312230,31
1384,312235,1
1385,312270,1
1386,312300,3
1387,312330,1
1388,312352,1
1389,312360,6
1390,312390,2
1391,312400,2
1392,312410,5
1393,312420,1
1394,312430,2
1395,312450,2
1396,312510,4
1397,312560,2
1398,312570,1
1399,312590,2
1400,312595,1
1401,312610,7
1402,312640,1
1403,312670,3
1404,312680,1
1405,312695,1
1406,312710,8
1407,312735,1
1408,312740,2
1409,312760,3
1410,312770,19
1411,312780,1
1412,312800,4
1413,312810,1
1414,312820,1
1415,312830,1
1416,312840,2
1417,312860,2
1418,312870,3
1419,312880,2
1420,312890,1
1421,312930,1
1422,312940,1
1423,312950,3
1424,312980,7
1425,312990,1
1426,313010,2
1427,313020,2
1428,313030,1
1429,313050,3
1430,313070,1
1431,313110,1
1432,313130,10
1433,313150,1
1434,313170,5
1435,313190,3
1436,313210,1
1437,313220,2
1438,313240,6
1439,313250,2
1440,313270,2
1441,313300,1
1442,313310,1
1443,313320,1
1444,313330,1
1445,313340,1
1446,313350,11
1447,313370,1
1448,313380,8
1449,313420,7
1450,313430,1
1451,313440,5
1452,313450,3
1453,313480,1
1454,313490,1
1455,313500,1
1456,313510,13
1457,313520,7
1458,313530,1
1459,313535,1
1460,313540,2
1461,313550,4
1462,313560,1
1463,313570,2
1464,313580,1
1465,313590,2
1466,313600,1
1467,313610,1
1468,313620,5
1469,313630,6
1470,313657,1
1471,313665,1
1472,313670,37
1473,313690,1
1474,313695,1
1475,313710,1
1476,313720,2
1477,313740,1
1478,313750,2
1479,313753,2
1480,313760,2
1481,313770,1
1482,313780,3
1483,313820,13
1484,313840,5
1485,313860,4
1486,313862,1
1487,313867,2
1488,313868,2
1489,313870,1
1490,313880,5
1491,313900,1
1492,313910,2
1493,313920,2
1494,313925,2
1495,313930,2
1496,313940,9
1497,313950,1
1498,313980,1
1499,313990,3
1500,314000,1
1501,314050,3
1502,314053,1
1503,317150,1
1504,314080,1
1505,314100,1
1506,314110,1
1507,314120,2
1508,314140,2
1509,314160,2
1510,314180,2
1511,314200,1
1512,314210,1
1513,314220,1
1514,314225,1
1515,314230,3
1516,314240,1
1517,314290,1
1518,314300,2
1519,314315,1
1520,314320,1
1521,314340,2
1522,314330,26
1523,314380,1
1524,314390,15
1525,314400,5
1526,314410,3
1527,314430,1
1528,314450,1
1529,314460,2
1530,314480,11
1531,314500,1
1532,314505,2
1533,314510,4
1534,314520,5
1535,314530,6
1536,314537,1
1537,314560,4
1538,314570,1
1539,314587,1
1540,314590,4
1541,314600,1
1542,314610,6
1543,314625,1
1544,314630,1
1545,314640,2
1546,314650,2
1547,314690,1
1548,314710,5
1549,314700,13
1550,314720,2
1551,314740,1
1552,314760,1
1553,314770,2
1554,314790,8
1555,314800,13
1556,314810,10
1557,314830,1
1558,314840,1
1559,314870,1
1560,314910,3
1561,314930,5
1562,314940,1
1563,314980,1
1564,314990,3
1565,315050,2
1566,315053,2
1567,315070,1
1568,315080,1
1569,315130,2
1570,315140,3
1571,315150,9
1572,315170,1
1573,315180,11
1574,315200,1
1575,315210,2
1576,315240,2
1577,315250,13
1578,315280,8
1579,315290,2
1580,315300,1
1581,315310,1
1582,315340,5
1583,315380,1
1584,315400,2
1585,315410,1
1586,315415,1
1587,315420,2
1588,315430,3
1589,315450,1
1590,315460,15
1591,315490,1
1592,315530,1
1593,315560,3
1594,315570,2
1595,315580,2
1596,315590,1
1597,315600,1
1598,315660,1
1599,315670,3
1600,315680,1
1601,315690,1
1602,315700,3
1603,315710,1
1604,315720,1
1605,315730,1
1606,315733,1
1607,315770,3
1608,315780,5
1609,315800,1
1610,315930,1
1611,315935,2
1612,315960,1
1613,315830,2
1614,315840,3
1615,315860,2
1616,315890,1
1617,315895,2
1618,316040,2
1619,316045,1
1620,316070,5
1621,316095,1
1622,316100,3
1623,316110,1
1624,316120,1
1625,316140,2
1626,316150,1
1627,316160,1
1628,316180,2
1629,316190,1
1630,316200,2
1631,316210,4
1632,316240,3
1633,316245,1
1634,316250,8
1635,316257,3
1636,316280,1
1637,316290,1
1638,316292,4
1639,316294,1
1640,316300,1
1641,316340,1
1642,316350,3
1643,316370,3
1644,316380,2
1645,316400,1
1646,316430,1
1647,316443,2
1648,316450,1
1649,316470,9
1650,316520,1
1651,316500,3
1652,316550,1
1653,316557,1
1654,316600,2
1655,316680,1
1656,316670,1
1657,316700,1
1658,316720,23
1659,316555,3
1660,316740,1
1661,316750,1
1662,316760,1
1663,316770,1
1664,316800,2
1665,316840,1
1666,316860,11
1667,316870,2
1668,316890,2
1669,316910,1
1670,316920,1
1671,316930,6
1672,316935,2
1673,316940,8
1674,316950,2
1675,316960,4
1676,316970,2
1677,316990,9
1678,317010,7
1679,317020,42
1680,317040,13
1681,317043,1
1682,317070,16
1683,317080,6
1684,317090,2
1685,317100,4
1686,317115,1
1687,317120,5
1688,317130,10
1689,317170,2
1690,317180,1
1691,317190,1
1692,317200,5
1693,317220,1
1694,320010,9
1695,320016,2
1696,320013,1
1697,320020,1
1698,320040,3
1699,320050,1
1700,320060,3
1701,320090,3
1702,320115,2
1703,320120,14
1704,320130,23
1705,320140,2
1706,320150,7
1707,320160,2
1708,320170,4
1709,320190,6
1710,320210,3
1711,320220,2
1712,320225,1
1713,320230,4
1714,320240,8
1715,320245,3
1716,320250,2
1717,320270,1
1718,320280,2
1719,320290,2
1720,320300,1
1721,320310,1
1722,320316,1
1723,320320,9
1724,320330,1
1725,320332,5
1726,320334,2
1727,320340,3
1728,320350,1
1729,320360,2
1730,320370,2
1731,320390,4
1732,320420,2
1733,320430,1
1734,320435,1
1735,320450,2
1736,320455,2
1737,320460,3
1738,320465,1
1739,320470,1
1740,320490,7
1741,320500,21
1742,320501,1
1743,320503,4
1744,320506,5
1745,320510,1
1746,320517,1
1747,320520,22
1748,320530,21
1749,330010,7
1750,330020,7
1751,330023,2
1752,330025,2
1753,330030,6
1754,330040,6
1755,330045,8
1756,330050,2
1757,330060,3
1758,330070,7
1759,330080,3
1760,330090,1
1761,330100,21
1762,330110,3
1763,330120,1
1764,330150,2
1765,330160,1
1766,330170,32
1767,330190,11
1768,330200,2
1769,330210,2
1770,330220,9
1771,330225,1
1772,330227,4
1773,330230,1
1774,330240,12
1775,330245,1
1776,330250,12
1777,330260,1
1778,330270,5
1779,330280,3
1780,330285,6
1781,330290,5
1782,330310,1
1783,330320,7
1784,330330,43
1785,330340,13
1786,330350,15
1787,330380,2
1788,330385,1
1789,330390,19
1790,330395,3
1791,330400,2
1792,330411,1
1793,330414,1
1794,330420,7
1795,330430,3
1796,330440,2
1797,330450,1
1798,330452,2
1799,330455,288
1800,330470,1
1801,330480,4
1802,330475,3
1803,330490,21
1804,330500,2
1805,330510,6
1806,330513,1
1807,330515,2
1808,330520,2
1809,330550,4
1810,330555,1
1811,330560,1
1812,330570,2
1813,330580,10
1814,330590,1
1815,330600,4
1816,330610,1
1817,330620,2
1818,330630,10
1820,350010,2
1821,350030,4
1822,350040,2
1823,350050,4
1824,350055,1
1825,350070,4
1826,350080,1
1827,350090,1
1828,350100,3
1829,350120,1
1830,350140,1
1831,350160,19
1832,350170,3
1833,350190,7
1834,350200,2
1835,350210,3
1836,350220,3
1837,350230,1
1838,350275,2
1839,350280,9
1840,350290,2
1841,350310,2
1842,350315,1
1843,350320,13
1844,350330,7
1845,350360,3
1846,350380,1
1847,350390,5
1848,350400,10
1849,350410,11
1850,350420,3
1851,350450,10
1852,350460,1
1853,350480,1
1854,350490,1
1855,350500,1
1856,350520,2
1857,350530,4
1858,350550,10
1859,350560,3
1860,350570,11
1861,350590,7
1862,350600,31
1863,350610,5
1864,350620,1
1865,350630,1
1866,350635,5
1867,350640,1
1868,350650,4
1869,350660,3
1870,350680,2
1871,350690,3
1872,350700,5
1873,350710,2
1874,350730,1
1875,350740,2
1876,350750,14
1877,350760,9
1878,350790,1
1879,350800,4
1880,350810,1
1881,350830,1
1882,350840,1
1883,350850,3
1884,350860,5
1885,350870,1
1886,350880,3
1887,350900,3
1888,350920,3
1889,350930,1
1890,350940,1
1891,350950,71
1892,350960,4
1893,350970,4
1894,350990,1
1895,351000,2
1896,351020,7
1897,351030,5
1898,351040,3
1899,351050,7
1900,351060,18
1901,351070,1
1902,351080,2
1903,351090,1
1904,351110,7
1905,351140,1
1906,351150,4
1907,351160,4
1908,355720,3
1909,351200,2
1910,351210,1
1911,351220,1
1912,351230,1
1913,351240,1
1914,351280,5
1915,351300,10
1916,351310,5
1917,351320,2
1918,351340,6
1919,351350,3
1920,351370,2
1921,351380,19
1922,351390,1
1923,351410,6
1924,351430,1
1925,351440,4
1926,351460,1
1927,351470,2
1928,351480,1
1929,351490,1
1930,351500,10
1931,351512,1
1932,351515,2
1933,351518,5
1934,351519,1
1935,355730,2
1936,351540,2
1937,351550,10
1938,351570,9
1939,351580,1
1940,351600,1
1941,351610,1
1942,351620,17
1943,351630,9
1944,351640,7
1945,351670,8
1946,351720,1
1947,351740,2
1948,351770,3
1949,351790,2
1950,351820,6
1951,351840,8
1952,351850,1
1953,351860,3
1954,351870,20
1955,351880,77
1956,351885,1
1957,351907,20
1958,351910,3
1959,351930,1
1960,351960,6
1961,351970,8
1962,351980,1
1963,352000,1
1964,352010,6
1965,352020,3
1966,352044,1
1967,352040,2
1968,352050,12
1969,352100,1
1970,352110,2
1971,352130,3
1972,352140,2
1973,352170,1
1974,352180,3
1975,352190,1
1976,352210,10
1977,352220,2
1978,352230,10
1979,352240,5
1980,352250,15
1981,352260,5
1982,352270,4
1983,352290,3
1984,352300,1
1985,352310,7
1986,352320,7
1987,352340,7
1988,352350,1
1989,352360,1
1990,352390,5
1991,352400,4
1992,352420,1
1993,352430,5
1994,352440,8
1995,352450,2
1996,352460,2
1997,352470,2
1998,352480,7
1999,352490,1
2000,352500,3
2001,352520,6
2002,352530,7
2003,352570,1
2004,352580,1
2005,352590,25
2006,352600,1
2007,352610,3
2008,352620,1
2009,352640,2
2010,352650,1
2011,352660,1
2012,352670,8
2013,352680,2
2014,352690,19
2015,352710,6
2016,352720,4
2017,352730,3
2018,352750,1
2019,352770,2
2020,352800,2
2021,352810,1
2022,352840,3
2023,352850,3
2024,352860,1
2025,352880,1
2026,352890,1
2027,352900,18
2028,352920,1
2029,352930,6
2030,352940,9
2031,352950,1
2032,352960,1
2033,352970,2
2034,352980,4
2035,353000,1
2036,352990,2
2037,353010,2
2038,353020,2
2039,353030,2
2040,353050,5
2041,353060,20
2042,353070,19
2043,353080,5
2044,353110,6
2045,353120,1
2046,353130,5
2047,353140,2
2048,353150,2
2049,353180,5
2050,353170,1
2051,353200,1
2052,353215,1
2053,353220,1
2054,353240,1
2055,353260,1
2056,353280,1
2057,353340,3
2058,353350,3
2059,353360,1
2060,353390,3
2061,353430,2
2062,353440,25
2063,353450,1
2064,353460,1
2065,353470,11
2066,353475,2
2067,353490,1
2068,353510,2
2069,353520,2
2070,353540,1
2071,353550,3
2072,353560,1
2073,353570,1
2074,353580,4
2075,353610,1
2076,353620,1
2077,353650,5
2078,353670,2
2079,353710,3
2080,353715,1
2081,353730,7
2082,353740,2
2083,353750,3
2084,353760,5
2085,353780,5
2086,353790,2
2087,353800,11
2088,353820,1
2089,353860,5
2090,353870,25
2091,353880,2
2092,353890,2
2093,353920,1
2094,353930,5
2095,353940,1
2096,353950,1
2097,353980,6
2098,354000,2
2099,354020,4
2100,354060,6
2101,354070,5
2102,354075,2
2103,354080,3
2104,354085,1
2105,354100,21
2106,354120,1
2107,354130,2
2108,354140,12
2109,354150,4
2110,354160,6
2111,354200,1
2112,354210,1
2113,354220,4
2114,354240,3
2115,354250,1
2116,354260,4
2117,354270,1
2118,354310,2
2119,354325,4
2120,354330,2
2121,354340,46
2122,354390,13
2123,354400,1
2124,354410,1
2125,354420,3
2126,354350,2
2127,354430,1
2128,354460,2
2129,354470,2
2130,354480,1
2131,354490,1
2132,354500,2
2133,354520,8
2134,354530,3
2135,354580,9
2136,354600,3
2137,354620,1
2138,354630,3
2139,354640,4
2140,354650,1
2141,354660,3
2142,354670,2
2143,354680,2
2144,354690,1
2145,354710,1
2146,354760,5
2147,354730,8
2148,354770,3
2149,354780,19
2150,354790,1
2151,354800,2
2152,354805,1
2153,354850,13
2154,354860,2
2155,354870,35
2156,354880,5
2157,354890,15
2158,354910,10
2159,354940,2
2160,354950,1
2161,354970,5
2162,354980,30
2163,354990,29
2164,355010,10
2165,355020,3
2166,355030,212
2167,355040,4
2168,355050,1
2169,355060,3
2170,355070,5
2171,355090,3
2172,355100,26
2173,355160,1
2174,355150,3
2175,355170,9
2176,355190,2
2177,355200,1
2178,355210,3
2179,355220,42
2180,355240,14
2181,355250,9
2182,355260,2
2183,355270,3
2184,355280,8
2185,355330,1
2186,355340,4
2187,355350,1
2188,355360,2
2189,355370,6
2190,355380,5
2191,355395,2
2192,355400,10
2193,355410,20
2194,355420,1
2195,355430,1
2196,355440,2
2197,355450,4
2198,355460,1
2199,355480,1
2200,355500,7
2201,355510,1
2202,355540,9
2203,355580,2
2204,355600,1
2205,355610,1
2206,355620,8
2207,355630,1
2208,355640,4
2209,355645,2
2210,355650,10
2211,355670,1
2212,355700,5
2213,355710,3
2215,410010,3
2216,410040,8
2217,410070,1
2218,410050,1
2219,410090,2
2220,410100,2
2221,410110,1
2222,410120,2
2223,410130,1
2224,410140,12
2225,410150,9
2226,410160,1
2227,410165,1
2228,410180,9
2229,410185,1
2230,410190,2
2231,410200,4
2232,410210,2
2233,410220,1
2234,410230,3
2235,410240,2
2236,410260,1
2237,410315,1
2238,410335,1
2239,410337,1
2240,410345,4
2241,410350,3
2242,410360,1
2243,410370,4
2244,410380,1
2245,410395,1
2246,410400,3
2247,410410,3
2248,410420,7
2249,410425,2
2250,410430,10
2251,410440,1
2252,410442,2
2253,410445,4
2254,410450,1
2255,410460,4
2256,410465,1
2257,410470,1
2258,410480,26
2259,410490,1
2260,410500,1
2261,410520,2
2262,410540,4
2263,410550,8
2264,410560,1
2265,410570,1
2266,410580,17
2267,410590,2
2268,410600,1
2269,410610,1
2270,410620,1
2271,410630,2
2272,410640,4
2273,410645,1
2274,410650,4
2275,410680,2
2276,410657,1
2277,410660,3
2278,410690,142
2279,410700,1
2280,410720,3
2281,410725,1
2282,410750,1
2283,410753,1
2284,410754,1
2285,410760,6
2286,410765,13
2287,410773,1
2288,410785,2
2289,410790,1
2290,410830,15
2291,410832,1
2292,410840,12
2293,410855,1
2294,410860,3
2295,410865,1
2296,410870,1
2297,410880,9
2298,410900,1
2299,410940,9
2300,410960,1
2301,410970,2
2302,410975,2
2303,410980,3
2304,411000,1
2305,411010,3
2306,411020,1
2307,411070,2
2308,411080,1
2309,411090,1
2310,411100,1
2311,411120,1
2312,411150,3
2313,411155,1
2314,411170,1
2315,411180,1
2316,411190,2
2317,411210,4
2318,411230,2
2319,411250,1
2320,411260,1
2321,411270,3
2322,411275,1
2323,411280,1
2324,411310,1
2325,411320,2
2326,411330,6
2327,411342,1
2328,411350,2
2329,411370,28
2330,411373,2
2331,411390,1
2332,411400,1
2333,411410,2
2334,411420,5
2335,411430,2
2336,411435,2
2337,411440,1
2338,411450,2
2339,411460,8
2340,411470,3
2341,411480,4
2342,411490,2
2343,411510,3
2344,411520,33
2345,411530,4
2346,411540,2
2347,411550,1
2348,411560,1
2349,411570,2
2350,411580,6
2351,411610,1
2352,411620,2
2353,411640,2
2354,411670,3
2355,411690,2
2356,411695,2
2357,411705,1
2358,411710,1
2359,411725,2
2360,411722,2
2361,411740,1
2362,411745,1
2363,411760,5
2364,411770,2
2365,411780,4
2366,411790,1
2367,411800,1
2368,411820,4
2369,411840,11
2370,411845,2
2371,411850,9
2372,411870,1
2373,411880,2
2374,411885,1
2375,411890,1
2376,411900,2
2377,411910,1
2378,411915,7
2379,411925,1
2380,411920,1
2381,411930,4
2382,411940,1
2383,411950,12
2384,411960,2
2385,411980,3
2386,411990,8
2387,411995,1
2388,412030,1
2389,412033,1
2390,412035,1
2391,412040,1
2392,412050,1
2393,412060,3
2394,412080,1
2395,412085,1
2396,412090,5
2397,412100,1
2398,412120,3
2399,412140,1
2400,412160,3
2401,412170,4
2402,412175,1
2403,412180,1
2404,412190,1
2405,412200,1
2406,412210,1
2407,412215,4
2408,412220,1
2409,412230,6
2410,412240,6
2411,412250,1
2412,412270,2
2413,412290,1
2414,412300,1
2415,412310,1
2416,412330,1
2417,412340,1
2418,412350,1
2419,412370,1
2420,412380,1
2421,412382,1
2422,412385,1
2423,412395,1
2424,412405,2
2425,412400,2
2426,412410,6
2427,412440,1
2428,412470,1
2429,412480,5
2430,412500,3
2431,412510,1
2432,412520,1
2433,412550,30
2434,412560,5
2435,412570,6
2436,412580,1
2437,412600,1
2438,412625,6
2439,412650,3
2440,412660,6
2441,412667,1
2442,412670,1
2443,412710,1
2444,412720,1
2445,412730,1
2446,412740,3
2447,412750,1
2448,412770,19
2449,412780,1
2450,412800,5
2451,412810,10
2452,412820,3
2453,412853,2
2454,412855,1
2455,412860,1
2456,412865,1
2457,412870,4
2458,412850,6
2460,420010,1
2461,420020,3
2462,420030,2
2463,420050,1
2464,420060,2
2465,420075,2
2466,420080,1
2467,420125,3
2468,420130,3
2469,420140,6
2470,420150,1
2471,420160,1
2472,420170,2
2473,420195,4
2474,420205,1
2475,420200,13
2476,420207,1
2477,421280,2
2478,420208,1
2479,420209,1
2480,420210,1
2481,420220,3
2482,420230,5
2483,420240,44
2484,420243,1
2485,420270,1
2486,420280,1
2487,420285,1
2488,420290,11
2489,420300,13
2490,420310,2
2491,420320,5
2492,420330,1
2493,420340,1
2494,420360,3
2495,420370,1
2496,420380,8
2497,420390,6
2498,420395,1
2499,420400,1
2500,420417,1
2501,420420,28
2502,420430,17
2503,420440,2
2504,420455,2
2505,420450,1
2506,420460,22
2507,420470,3
2508,420480,2
2509,420490,2
2510,420500,3
2511,420535,1
2512,420540,29
2513,420545,2
2514,420550,2
2515,420560,1
2516,420570,1
2517,420590,5
2518,420610,1
2519,420620,2
2520,420630,5
2521,420640,2
2522,420650,1
2523,420660,1
2524,420665,2
2525,420670,3
2526,420690,4
2527,420700,1
2528,420710,2
2529,420720,2
2530,420730,5
2531,420740,1
2532,420750,9
2533,420760,3
2534,420765,2
2535,420768,1
2536,420770,2
2537,420775,1
2538,420790,2
2539,420810,3
2540,420820,15
2541,420830,8
2542,420840,1
2543,420845,2
2544,420850,1
2545,420860,2
2546,420880,1
2547,420890,16
2548,420900,2
2549,420910,44
2550,420930,17
2551,420940,5
2552,420950,1
2553,420960,3
2554,420970,2
2555,420980,1
2556,420985,1
2557,420990,1
2558,421000,1
2559,421010,7
2560,421040,2
2561,421050,5
2562,421060,2
2563,421100,4
2564,421105,1
2565,421120,2
2566,421125,2
2567,421130,9
2568,421150,1
2569,421160,2
2570,421170,3
2571,421175,1
2572,421180,1
2573,421187,1
2574,421190,17
2575,421200,1
2576,421210,3
2577,421225,3
2578,421227,1
2579,421230,4
2580,421240,1
2581,421250,4
2582,421270,2
2583,421290,2
2584,421310,2
2585,421315,1
2586,421320,4
2587,421330,2
2588,421340,1
2589,421350,1
2590,421360,8
2591,421370,2
2592,421390,1
2593,421400,4
2594,421410,1
2595,421420,1
2596,421440,1
2597,421450,2
2598,421460,1
2599,421480,9
2600,421470,2
2601,421490,2
2602,421500,3
2603,421510,1
2604,421535,1
2605,421550,1
2606,421565,3
2607,421567,1
2608,421570,2
2609,421580,5
2610,421600,1
2611,421605,1
2612,421620,1
2613,421630,1
2614,421635,2
2615,421625,3
2616,421650,8
2617,421660,22
2618,421670,5
2619,421680,1
2620,421690,4
2621,421700,1
2622,421710,1
2623,421720,3
2624,421740,3
2625,421750,4
2626,421760,1
2627,421770,3
2628,421780,2
2629,421790,3
2630,421800,7
2631,421810,2
2632,421820,6
2633,421830,3
2634,421850,1
2635,421870,10
2636,421880,1
2637,421900,3
2638,421915,2
2639,421917,1
2640,421930,9
2641,421935,1
2642,421940,1
2643,421950,6
2644,421970,4
2645,421985,1
2646,430010,3
2647,430030,2
2648,430040,8
2649,430045,1
2650,430060,13
2651,430064,1
2652,430070,2
2653,430080,5
2654,430090,3
2655,430100,2
2656,430105,3
2657,430110,2
2658,430130,2
2659,430140,3
2660,430160,12
2661,430163,1
2662,430165,4
2663,430175,2
2664,430185,1
2665,430200,2
2666,430205,1
2667,430210,12
2668,430220,1
2669,430222,1
2670,430230,1
2671,430235,4
2672,430240,1
2673,430245,3
2674,430250,3
2675,430258,1
2676,430260,2
2677,430270,1
2678,430280,5
2679,430300,13
2680,430310,11
2681,430350,10
2682,430355,1
2683,430360,1
2684,430370,1
2685,430380,1
2686,430390,3
2687,430400,2
2688,430420,12
2689,430440,7
2690,430450,9
2691,430460,25
2692,430463,4
2693,430466,1
2694,430471,1
2695,430470,4
2696,430480,4
2697,430490,2
2698,430495,1
2699,430500,1
2700,430510,43
2701,430512,2
2702,430515,1
2703,430517,2
2704,430520,2
2705,430530,1
2706,430535,2
2707,430537,1
2708,430540,1
2709,430543,1
2710,430570,5
2711,430580,2
2712,430583,1
2713,430590,2
2714,430593,1
2715,430600,2
2716,430605,2
2717,430607,2
2718,430610,5
2719,430635,2
2720,430640,8
2721,430650,2
2722,430660,1
2723,430673,1
2724,430676,1
2725,430680,1
2726,430690,2
2727,430692,1
2728,430693,1
2729,430697,1
2730,430700,10
2731,430705,2
2732,430720,1
2733,430730,2
2734,430745,3
2735,430755,1
2736,430760,6
2737,430770,10
2738,430780,4
2739,430790,9
2740,430800,1
2741,430805,1
2742,430807,1
2743,430810,2
2744,430820,1
2745,430825,1
2746,430830,6
2747,430840,3
2748,430850,2
2749,430860,3
2750,430870,2
2751,430880,3
2752,430890,2
2753,430900,2
2754,430905,1
2755,430910,6
2756,430920,13
2757,430930,12
2758,430940,4
2759,430950,2
2760,430960,3
2761,430965,2
2762,430970,2
2763,430975,2
2764,430990,6
2765,431000,2
2766,431010,6
2767,431020,8
2768,431030,2
2769,431033,3
2770,431050,3
2771,431060,2
2772,431080,2
2773,431090,2
2774,431100,8
2775,431110,3
2776,431120,5
2777,431127,1
2778,431130,4
2779,431140,17
2780,431142,1
2781,431150,1
2782,431164,1
2783,431170,1
2784,431173,2
2785,431175,1
2786,431177,2
2787,431180,8
2788,431190,1
2789,431205,2
2790,431225,2
2791,431230,1
2792,431237,1
2793,431240,5
2794,431244,1
2795,431250,1
2796,431262,1
2797,431265,3
2798,431267,1
2799,431270,5
2800,431275,1
2801,431280,3
2802,431290,1
2803,431300,1
2804,431301,2
2805,431303,1
2806,431306,1
2807,431310,1
2808,431320,1
2809,431330,2
2810,431335,1
2811,431337,2
2812,431340,13
2813,431342,1
2814,431350,5
2815,431360,1
2816,431370,4
2817,431380,1
2818,431390,3
2819,431395,2
2820,431400,1
2821,431402,1
2822,431403,1
2823,431405,3
2824,431406,1
2825,431407,2
2826,431410,30
2827,431415,1
2828,431420,3
2829,431440,41
2830,431445,1
2831,431450,3
2832,431460,4
2833,431470,5
2834,431480,4
2835,431490,96
2836,431500,2
2837,431510,3
2838,431514,1
2839,431515,1
2840,431530,2
2841,431532,1
2842,431535,1
2843,431550,2
2844,431560,18
2845,431570,2
2846,431580,1
2847,431600,1
2848,431610,2
2849,431620,2
2850,431630,3
2851,431640,6
2852,431642,1
2853,431645,1
2854,431647,2
2855,431650,1
2856,431660,2
2857,431710,9
2858,431670,1
2859,431675,3
2860,431680,22
2861,431690,26
2862,431695,1
2863,431720,6
2864,431725,1
2865,431730,13
2866,431700,2
2867,431740,6
2868,431750,2
2869,431760,5
2870,431770,1
2871,431755,1
2872,431775,1
2873,431790,2
2874,431800,9
2875,431805,2
2876,431810,2
2877,431820,1
2878,431830,9
2879,431840,2
2880,431842,1
2881,431844,1
2882,431846,1
2883,431849,1
2884,431850,6
2885,431862,1
2886,431870,15
2887,431880,8
2888,431890,3
2889,431900,1
2890,431910,1
2891,431912,2
2892,431915,2
2893,431930,2
2894,431936,1
2895,431940,4
2896,431950,1
2897,431960,9
2898,431970,1
2899,431975,1
2900,431980,1
2901,431990,11
2902,432000,12
2903,432010,2
2904,432020,1
2905,432026,1
2906,432030,2
2907,432032,1
2908,432035,1
2909,432040,1
2910,432050,2
2911,432055,1
2912,432067,3
2913,432070,2
2914,432080,1
2915,432090,1
2916,432100,1
2917,432110,3
2918,432120,8
2919,432130,7
2920,432132,2
2921,432140,2
2922,432145,3
2923,432150,8
2924,432160,4
2925,432166,1
2926,432170,2
2927,432180,10
2928,432183,1
2929,432185,1
2930,432190,6
2931,432195,1
2932,432200,1
2933,432210,1
2934,432215,3
2935,432218,1
2936,432220,2
2937,432225,1
2938,432230,2
2939,432232,1
2940,432234,2
2941,432240,15
2942,432250,9
2943,432253,3
2944,432254,1
2945,432260,19
2946,432270,3
2947,432280,1
2948,432300,21
2949,432345,1
2950,432350,1
2951,432377,1
2952,500025,1
2953,500060,10
2954,500070,2
2955,500085,1
2956,500090,3
2957,500100,1
2958,500110,3
2959,500124,1
2960,500190,2
2961,500210,3
2962,500240,1
2963,500260,2
2964,500270,73
2965,500290,2
2966,500295,1
2967,500310,1
2968,500315,5
2969,500320,9
2970,500325,2
2971,500330,2
2972,500345,4
2973,500350,3
2974,500370,28
2975,500375,1
2976,500380,1
2977,500400,1
2978,500410,1
2979,500450,3
2980,500460,1
2981,500470,2
2982,500480,5
2983,500500,1
2984,500510,1
2985,500520,1
2986,500525,3
2987,500540,5
2988,500560,1
2989,500568,1
2990,500570,6
2991,500580,1
2992,500600,5
2993,500620,5
2994,500627,0
2995,500630,9
2996,500635,7
2997,500660,7
2998,500690,4
2999,500720,2
3000,500740,3
3001,500755,1
3002,500769,3
3003,500770,1
3004,500790,5
3005,500793,1
3006,500795,5
3007,500797,1
3008,500830,13
3009,510020,4
3010,510025,4
3011,510030,2
3012,510040,1
3013,510100,1
3014,510125,1
3015,510130,1
3016,510140,3
3017,510170,1
3018,510180,7
3019,510190,1
3020,510250,7
3021,510263,1
3022,510267,4
3023,510268,1
3024,510270,2
3025,510300,2
3026,510305,1
3027,510310,1
3028,510320,3
3029,510325,1
3030,510335,3
3031,510337,1
3032,510340,45
3033,510345,1
3034,510350,1
3035,510370,1
3036,510390,1
3037,510410,4
3038,510420,2
3039,510452,1
3040,510460,1
3041,510510,3
3042,510515,4
3043,510525,1
3044,510558,1
3045,510560,1
3046,510562,2
3047,510621,1
3048,510622,1
3049,510625,3
3050,510629,1
3051,510630,5
3052,510637,2
3053,510642,5
3054,510645,1
3055,510650,3
3056,510675,2
3057,510677,1
3058,510682,1
3059,510700,4
3060,510704,5
3061,510715,1
3062,510718,1
3063,510720,1
3064,510760,18
3065,510770,1
3066,510724,2
3067,510777,1
3068,510779,1
3069,510735,1
3070,510740,1
3071,510790,10
3072,510792,6
3073,510794,1
3074,510795,6
3075,510805,1
3076,510810,1
3077,510840,14
3078,510550,1
3079,510860,1
3080,520005,4
3081,520010,1
3082,520013,1
3083,520025,13
3084,520030,4
3085,520050,1
3086,520085,2
3087,520110,23
3088,520130,3
3089,520140,36
3090,520160,1
3091,520170,2
3092,520180,2
3093,520260,1
3094,520330,1
3095,520340,2
3096,520350,1
3097,520355,2
3098,520360,1
3099,520390,1
3100,520400,2
3101,520425,2
3102,520430,2
3103,520440,4
3104,520450,4
3105,520485,1
3106,520500,3
3107,520505,1
3108,520510,7
3109,520530,4
3110,520540,1
3111,520549,4
3112,520620,5
3113,520660,1
3114,520725,1
3115,520740,1
3116,520760,1
3117,520790,1
3118,520800,15
3119,520810,1
3120,520840,1
3121,520860,7
3122,520870,104
3123,520880,3
3124,520890,5
3125,520910,5
3126,520920,3
3127,520980,3
3128,520995,1
3129,521000,2
3130,521010,3
3131,521020,4
3132,521040,4
3133,521060,2
3134,521090,2
3135,521120,3
3136,521130,1
3137,521150,11
3138,521160,1
3139,521170,1
3140,521180,6
3141,521190,11
3142,521200,2
3143,521210,1
3144,521220,2
3145,521250,3
3146,521308,1
3147,521310,4
3148,521340,1
3149,521375,2
3150,521380,7
3151,521385,2
3152,521405,1
3153,521440,1
3154,521450,2
3155,521460,2
3156,521483,2
3157,521486,1
3158,521523,4
3159,521530,1
3160,521540,2
3161,521565,1
3162,521570,3
3163,521580,2
3164,521630,1
3165,521640,1
3166,521680,1
3167,521710,2
3168,521720,1
3169,521730,2
3170,521740,2
3171,521760,10
3172,521770,1
3173,521810,1
3174,521830,4
3175,521839,2
3176,521850,2
3177,521880,17
3178,521890,2
3179,521900,1
3180,521925,1
3181,521930,3
3182,521935,1
3183,521940,1
3184,521975,3
3185,521980,2
3186,522000,1
3187,522005,1
3188,522010,2
3189,522020,4
3190,522026,1
3191,522040,4
3192,522045,5
3193,522060,4
3194,522130,1
3195,522140,9
3196,522157,1
3197,522160,2
3198,522170,2
3199,522185,7
3200,522190,1
3201,530010,187
