,MUNCOD,Total
0,110001,2
1,110037,1
2,110034,2
3,110002,2
4,110003,1
5,110004,1
6,110080,3
7,110008,2
8,110009,4
9,110100,1
10,110010,2
11,110011,1
12,110012,2
13,110120,2
14,110130,1
15,110014,4
16,110015,4
17,110018,3
18,110020,31
19,110025,1
20,110028,1
21,110149,2
22,110032,2
23,110170,2
24,110180,1
25,110030,8
26,120010,3
27,120017,1
28,120020,4
29,120030,5
30,120032,1
31,120033,2
32,120038,3
33,120080,1
34,120040,18
35,120060,5
36,120070,1
37,130006,5
38,130010,1
39,130014,1
40,130020,1
41,130030,1
42,130040,2
43,130050,3
44,130060,7
45,130080,1
46,130083,1
47,130100,1
48,130110,2
49,130115,2
50,130120,8
51,130130,1
52,130140,8
53,130170,4
54,130185,3
55,130190,3
56,130230,3
57,130250,4
58,130260,102
59,130310,1
60,130340,4
61,130356,1
62,130360,3
63,130370,6
64,130380,8
65,130390,3
66,130395,1
67,130406,23
68,130410,1
69,130420,8
70,130423,1
71,130426,1
72,140002,6
73,140010,19
74,140015,3
75,140017,1
76,140020,1
77,140028,1
78,140030,2
79,150010,1
80,150013,1
81,150020,1
82,150030,1
83,150040,2
84,150050,2
85,150060,5
86,150080,6
87,150120,4
88,150130,3
89,150140,32
90,150145,1
91,150150,2
92,150157,1
93,150160,1
94,150170,1
95,150172,2
96,150178,4
97,150180,3
98,150200,1
99,150210,1
100,150215,1
101,150220,4
102,150240,6
103,150270,1
104,150275,1
105,150276,1
106,150277,1
107,150290,1
108,150307,2
109,150309,2
110,150320,1
111,150330,2
112,150360,7
113,150370,3
114,150375,2
115,150420,7
116,150430,2
117,150442,2
118,150445,2
119,150450,2
120,150470,2
121,150480,1
122,150490,1
123,150495,2
124,150500,1
125,150503,1
126,150510,1
127,150520,2
128,150543,2
129,150548,5
130,150550,2
131,150553,8
132,150563,1
133,150580,5
134,150590,1
135,150600,3
136,150610,1
137,150613,3
138,150616,1
139,150618,2
140,150630,1
141,150650,3
142,150660,1
143,150670,1
144,150680,16
145,150700,1
146,150715,1
147,150730,3
148,150740,1
149,150745,2
150,150747,2
151,150760,1
152,150775,1
153,150780,1
154,150790,1
155,150795,3
156,150800,1
157,150808,3
158,150810,7
159,150812,1
160,150815,4
161,150820,2
162,150830,1
163,150835,2
164,150840,2
165,160010,1
166,160020,1
167,160021,1
168,160023,1
169,160030,27
170,160050,1
171,160015,2
172,160053,1
173,160060,9
174,160080,1
175,170040,1
176,170210,11
177,170220,3
178,170255,1
179,170290,1
180,170370,2
181,170389,1
182,170390,1
183,170510,1
184,170550,1
185,171670,1
186,170700,1
187,170730,1
188,170820,3
189,170830,2
190,170930,3
191,170950,8
192,171110,1
193,171150,2
194,171320,1
195,171330,1
196,171515,1
197,171525,1
198,172100,13
199,171610,4
200,171620,2
201,171630,1
202,171750,1
203,171780,1
204,171790,3
205,171820,6
206,171830,1
207,171850,2
208,171880,1
209,172080,1
210,172085,1
211,172090,4
212,172093,4
213,210005,3
214,210020,1
215,210043,1
216,210047,1
217,210070,2
218,210083,2
219,210090,1
220,210095,1
221,210100,2
222,210110,1
223,210120,11
224,210125,1
225,210140,5
226,210150,4
227,210160,5
228,210170,1
229,210190,1
230,210200,2
231,210203,1
232,210240,1
233,210290,1
234,210300,13
235,210320,4
236,210330,3
237,210350,3
238,210355,2
239,210375,4
240,210380,1
241,210405,1
242,210409,1
243,210410,1
244,210420,1
245,210450,2
246,210455,1
247,210460,1
248,210462,1
249,210480,2
250,210500,3
251,210515,1
252,210530,9
253,210535,1
254,210540,4
255,210550,1
256,210560,1
257,210570,4
258,210600,2
259,210610,1
260,210660,4
261,210670,1
262,210675,1
263,210690,1
264,210700,2
265,210735,2
266,210750,1
267,210770,2
268,210790,1
269,210820,6
270,210830,1
271,210850,3
272,210860,3
273,210870,2
274,210890,1
275,210900,2
276,210910,1
277,210945,1
278,210955,2
279,210960,1
280,210970,1
281,210980,4
282,210990,3
283,211003,1
284,211010,1
285,211020,2
286,211030,1
287,211050,1
288,211102,1
289,211110,1
290,211120,5
291,211130,37
292,211150,4
293,211160,1
294,211180,2
295,211220,14
296,211223,1
297,211230,2
298,211270,1
299,211285,1
300,211290,1
301,211400,1
303,220005,1
304,220010,2
305,220040,2
306,220050,2
307,220060,1
308,220070,1
309,220100,1
310,220105,1
311,220150,3
312,220157,1
313,220160,1
314,220170,1
315,220180,1
316,220192,1
317,220198,1
318,220200,1
319,220220,4
320,220225,1
321,220230,1
322,220245,1
323,220260,4
324,220271,1
325,220272,1
326,220275,1
327,220290,2
328,220300,1
329,220335,1
330,220342,1
331,220350,2
332,220360,1
333,220370,3
334,220375,1
335,220390,9
336,220420,1
337,220430,1
338,220450,2
339,220455,2
340,220470,2
341,220480,2
342,220490,2
343,220510,2
344,220520,5
345,220550,2
346,220553,2
347,220557,1
348,220570,3
349,220580,4
350,220585,1
351,220590,2
352,220595,1
353,220600,1
354,220610,1
355,220620,2
356,220665,1
357,220672,1
358,220675,2
359,220700,5
360,220735,1
361,220750,2
362,220755,1
363,220760,1
364,220770,8
365,220775,1
366,220777,2
367,220780,2
368,220790,4
369,220800,10
370,220820,3
371,220830,2
372,220840,3
373,220870,2
374,220880,1
375,220887,1
376,220910,1
377,220920,1
378,220930,1
379,220945,1
380,220950,1
381,220975,1
382,220997,1
383,221000,1
384,221010,1
385,221020,1
386,221030,1
387,221040,1
388,221050,2
389,221060,1
390,221063,1
391,221065,1
392,221093,1
393,221100,56
394,221110,2
395,221130,1
396,221170,2
397,230010,4
398,230020,7
399,230030,4
400,230040,1
401,230075,2
402,230100,5
403,230110,7
404,230120,1
405,230125,1
406,230140,1
407,230160,1
408,230170,2
409,230180,1
410,230190,6
411,230205,1
412,230210,2
413,230220,4
414,230230,3
415,230240,5
416,230260,2
417,230270,2
418,230280,6
419,230290,1
420,230320,1
421,230330,2
422,230340,1
423,230350,2
424,230365,1
425,230370,19
426,230380,3
427,230410,11
428,230420,4
429,230423,1
430,230425,1
431,230428,5
432,230430,1
433,230435,2
434,230440,165
435,230445,2
436,230450,4
437,230465,1
438,230470,2
439,230490,2
440,230495,5
441,230500,3
442,230520,2
443,230523,2
444,230530,2
445,230533,1
446,230540,3
447,230550,13
448,230565,1
449,230570,2
450,230580,5
451,230590,4
452,230610,1
453,230625,2
454,230630,1
455,230640,4
456,230655,2
457,230660,2
458,230670,3
459,230680,1
460,230690,2
461,230700,5
462,230710,4
463,230720,1
464,230725,2
465,230730,16
466,230750,1
467,230760,1
468,230763,2
469,230765,18
470,230770,9
471,230800,4
472,230810,4
473,230820,1
474,230830,2
475,230837,1
476,230850,4
477,230860,2
478,230870,5
479,230880,1
480,230900,2
481,230930,2
482,230940,2
483,230945,1
484,230950,4
485,230960,2
486,230970,3
487,231010,1
488,231020,2
489,231025,2
490,231030,2
491,231040,1
492,231050,6
493,231070,8
494,231080,1
495,231090,1
496,231095,1
497,231110,1
498,231123,1
499,231126,4
500,231130,1
501,231135,4
502,231140,4
503,231150,1
504,231160,6
505,231170,2
506,231180,9
507,231195,2
508,231220,9
509,231200,3
510,231210,2
511,231230,4
512,231240,6
513,231290,8
514,231300,2
515,231310,2
516,231330,4
517,231335,1
518,231340,6
519,231350,1
520,231355,1
521,231360,3
522,231370,1
523,231375,1
524,231380,1
525,231395,2
526,231400,4
527,231410,10
528,240010,1
529,240020,4
530,240040,1
531,240090,1
532,240100,3
533,240110,1
534,240120,1
535,240130,1
536,240145,2
537,240170,2
538,240200,6
539,240210,1
540,240220,1
541,240230,2
542,240260,2
543,240310,1
544,240330,1
545,240350,4
546,240390,1
547,240420,1
548,240490,1
549,240520,1
550,240550,1
551,240560,2
552,240570,3
553,240580,3
554,240600,1
555,240610,1
556,240620,1
557,240650,1
558,240670,1
559,240680,1
560,240700,1
561,240710,1
562,240730,2
563,240740,1
564,240750,1
565,240760,1
566,240800,19
567,240810,20
568,240830,1
569,240850,2
570,240870,1
571,240890,1
572,240325,7
573,240910,1
574,240930,3
575,240940,2
576,240980,3
577,240990,1
578,241020,1
579,241080,1
580,241120,3
581,241140,1
582,241150,3
583,241200,4
584,241220,2
585,241230,2
586,241240,1
587,241250,2
588,241260,2
589,241290,1
590,241310,1
591,241320,1
592,241350,3
593,241355,1
594,241415,1
595,241440,2
596,241450,1
597,241460,1
598,241475,1
599,250010,1
600,250030,5
601,250040,2
602,250053,2
603,250057,1
604,250060,1
605,250100,2
606,250110,2
607,250115,1
608,250130,1
609,250150,1
610,250160,1
611,250180,4
612,250190,2
613,250205,1
614,250240,3
615,250250,1
616,250280,2
617,250300,1
618,250320,2
619,250340,1
620,250355,2
621,250370,3
622,250400,19
623,250403,1
624,250430,3
625,250450,4
626,250460,1
627,250470,1
628,250480,1
629,250490,2
630,250523,1
631,250527,1
632,250540,3
633,250560,2
634,250600,3
635,250610,1
636,250630,4
637,250640,1
638,250260,1
639,250670,1
640,250690,1
641,250700,3
642,250710,1
643,250730,1
644,250750,27
645,251365,1
646,250770,1
647,250790,1
648,250820,1
649,250830,2
650,250860,1
651,250880,1
652,250910,1
653,250970,1
654,251000,1
655,251010,1
656,251080,5
657,251090,2
658,251110,1
659,251120,2
660,251130,3
661,251140,1
662,251150,1
663,251180,5
664,251190,1
665,251274,1
666,251275,2
667,251276,1
668,251290,2
669,251310,1
670,251315,2
671,251370,3
672,251380,1
673,251350,1
674,251360,1
675,251390,3
676,250070,1
677,251420,1
678,251450,2
679,251455,1
680,251445,1
681,251490,1
682,251510,1
683,251530,1
684,251570,3
685,251620,1
686,251630,3
687,251640,1
688,251660,1
689,251670,2
690,251690,1
691,251700,1
693,260005,6
694,260010,1
695,260020,1
696,260030,1
697,260040,1
698,260050,1
699,260060,1
700,260070,4
701,260080,2
702,260100,1
703,260110,5
704,260120,3
705,260160,1
706,260170,2
707,260180,2
708,260190,3
709,260200,2
710,260210,5
711,260220,2
712,260230,3
713,260250,1
714,260260,4
715,260270,1
716,260280,2
717,260290,1
718,260300,2
719,260310,1
720,260320,4
721,260330,1
722,260345,2
723,260370,1
724,260380,2
725,260390,1
726,260400,4
727,260410,13
728,260420,1
729,260430,2
730,260450,2
731,260460,1
732,260470,1
733,260480,3
734,260510,1
735,260515,1
736,260520,1
737,260530,2
738,260550,1
739,260570,1
740,260580,1
741,260600,7
742,260620,3
743,260650,1
744,260660,1
745,260760,1
746,260720,1
747,260730,3
748,260740,1
749,260750,1
750,260765,1
751,260770,2
752,260790,17
753,260805,1
754,260810,2
755,260840,1
756,260850,1
757,260860,2
758,260875,1
759,260880,4
760,260890,4
761,260915,1
762,260920,1
763,261430,1
764,260940,1
765,260960,9
766,260970,2
767,260980,1
768,260990,3
769,261000,1
770,261020,1
771,261030,2
772,261040,1
773,261060,1
774,261070,5
775,261080,2
776,261090,1
777,261100,2
778,261110,12
779,261130,3
780,261150,1
781,261160,32
782,261190,1
783,261220,9
784,261230,3
785,261240,2
786,261245,1
787,261250,5
788,261255,1
789,261300,4
790,261310,5
791,261350,3
792,261360,3
793,261370,4
794,261390,6
795,261400,2
796,261410,1
797,261420,1
798,261450,3
799,261460,2
800,261500,2
801,261510,1
802,261530,4
803,261540,1
804,261560,1
805,261570,3
806,261580,1
807,261630,3
808,261640,5
809,270020,2
810,270030,14
811,270040,1
812,270080,1
813,270090,1
814,270100,1
815,270110,1
816,270120,1
817,270150,2
818,270160,2
819,270200,3
820,270210,2
821,270230,1
822,270240,1
823,270250,2
824,270255,2
825,270260,2
826,270300,1
827,270310,1
828,270375,1
829,270380,1
830,270400,3
831,270410,1
832,270430,37
833,270440,6
834,270460,1
835,270470,1
836,270480,2
837,270500,3
838,270540,1
839,270560,1
840,270570,3
841,270580,1
842,270610,2
843,270630,5
844,270670,2
845,270690,4
846,270710,1
847,270720,1
848,270750,3
849,270760,1
850,270770,3
851,270800,2
852,270810,1
853,270840,3
854,270850,2
855,270880,1
856,270910,1
857,270915,4
858,270930,4
859,280020,5
860,280030,41
861,280050,1
862,280060,2
863,280067,2
864,280100,1
865,280130,2
866,280140,5
867,280210,4
868,280240,1
869,280270,2
870,280290,4
871,280300,2
872,280320,3
873,280350,9
874,280360,3
875,280370,1
876,280380,1
877,280390,1
878,280410,1
879,280420,1
880,280440,1
881,280450,4
882,280460,1
883,280480,4
884,280550,3
885,280570,1
886,280580,1
887,280590,1
888,280630,1
889,280660,1
890,280670,4
891,280680,1
892,280710,5
893,280740,3
894,280750,1
896,290010,2
897,290020,1
898,290070,1
899,290080,2
900,290090,1
901,290100,2
902,290120,1
903,290180,2
904,290190,1
905,290200,2
906,290220,1
907,290225,1
908,290270,4
909,290280,1
910,290290,3
911,290300,3
912,290310,1
913,290320,3
914,290323,3
915,290330,2
916,290380,1
917,290390,1
918,290400,1
919,290410,1
920,290460,8
921,290470,1
922,290475,1
923,290500,3
924,290515,1
925,290520,4
926,290530,1
927,290560,1
928,290570,7
929,290600,4
930,290610,1
931,290620,2
932,290660,2
933,290670,2
934,290680,2
935,290682,1
936,290687,1
937,290720,3
938,290750,2
939,290760,2
940,290780,4
941,290790,1
942,290820,2
943,290830,1
944,290850,1
945,290860,2
946,290870,1
947,290880,1
948,290890,1
949,290910,1
950,290920,1
951,290930,1
952,290990,3
953,291010,1
954,291020,2
955,291030,1
956,291050,1
957,290050,1
958,291070,1
959,291072,2
960,291080,5
961,291090,1
962,291120,1
963,291160,2
964,291165,1
965,291170,9
966,291180,1
967,291200,2
968,291220,2
969,291230,1
970,291240,2
971,291300,3
972,291310,4
973,291350,1
974,291360,7
975,291370,3
976,291390,1
977,291400,1
978,291410,1
979,291430,1
980,291440,1
981,291450,1
982,291460,7
983,291465,1
984,291470,3
985,291480,8
986,291510,1
987,291535,1
988,291550,1
989,291560,4
990,291580,1
991,291600,1
992,291620,2
993,291640,3
994,291650,1
995,291700,2
996,291710,1
997,291720,2
998,291740,2
999,291760,4
1000,291770,1
1001,291780,2
1002,291800,3
1003,291810,1
1004,291830,1
1005,291835,1
1006,291840,7
1007,291845,1
1008,291850,2
1009,291855,1
1010,291870,1
1011,291900,2
1012,291910,1
1013,291915,3
1014,291920,4
1015,291930,3
1016,291940,1
1017,291950,4
1018,291980,1
1019,291990,1
1020,291992,1
1021,292010,1
1022,292030,1
1023,292050,2
1024,292090,1
1025,292100,1
1026,292110,1
1027,292120,3
1028,292170,1
1029,292180,3
1030,292190,1
1031,292205,1
1032,292220,1
1033,292225,1
1034,292230,1
1035,292250,2
1036,292265,1
1037,292275,1
1038,292285,1
1039,292310,1
1040,292320,1
1041,292340,1
1042,292380,1
1043,292400,7
1044,292420,2
1045,292440,1
1046,292450,2
1047,292460,1
1048,292500,1
1049,292520,1
1050,292530,8
1051,292570,2
1052,292575,1
1053,292580,2
1054,292593,1
1055,292600,1
1056,292620,1
1057,292640,1
1058,292660,2
1059,292670,1
1060,292700,1
1061,292720,3
1062,292730,2
1063,292740,65
1064,292760,1
1065,292790,2
1066,292805,1
1067,292810,3
1068,292840,1
1069,292850,1
1070,292820,3
1071,292860,3
1072,292870,3
1073,292880,1
1074,292890,1
1075,292895,1
1076,292910,1
1077,292900,1
1078,292925,3
1079,292930,1
1080,292937,1
1081,292950,5
1082,292960,1
1083,292970,3
1084,292980,2
1085,292990,6
1086,293010,3
1087,293030,3
1088,293040,1
1089,293050,2
1090,293077,1
1091,293090,1
1092,293100,1
1093,293110,1
1094,293135,4
1095,293190,3
1096,293200,1
1097,293210,1
1098,293220,2
1099,293230,1
1100,293280,1
1101,293290,2
1102,293300,2
1103,293305,1
1104,293315,2
1105,293320,1
1106,293330,15
1107,293340,1
1108,293360,3
1110,310010,1
1111,310020,4
1112,310050,1
1113,310100,1
1114,310110,3
1115,310120,1
1116,310150,1
1117,310160,8
1118,310163,1
1119,310170,1
1120,310190,2
1121,310200,2
1122,310210,2
1123,310230,2
1124,310260,4
1125,310290,5
1126,310300,1
1127,310340,2
1128,310350,17
1129,310360,1
1130,310370,1
1131,310380,1
1132,310390,1
1133,310400,8
1134,310410,2
1135,310420,2
1136,310460,2
1137,310490,3
1138,310510,2
1139,310530,1
1140,310540,2
1141,310560,7
1142,310620,121
1143,310660,1
1144,310670,19
1145,310680,1
1146,310700,1
1147,310710,3
1148,310730,2
1149,310740,7
1150,310750,3
1151,310790,2
1152,310800,3
1153,310810,1
1154,310840,2
1155,310900,2
1156,310910,1
1157,310920,3
1158,310925,1
1159,310930,1
1160,310940,2
1161,310950,1
1162,310270,1
1163,311000,3
1164,311030,1
1165,311050,4
1166,311060,4
1167,311090,2
1168,311110,3
1169,311120,8
1170,311130,1
1171,311140,2
1172,311160,1
1173,311190,1
1174,311170,1
1175,311180,1
1176,311200,1
1177,311300,1
1178,311320,1
1179,311340,4
1180,311360,3
1181,311370,2
1182,311400,1
1183,311410,2
1184,311420,1
1185,311430,1
1186,311450,4
1187,311460,1
1188,311480,2
1189,311500,2
1190,311530,5
1191,311535,1
1192,311545,1
1193,311615,1
1194,311620,1
1195,311660,2
1196,311730,2
1197,311720,1
1198,311740,1
1199,311760,2
1200,311770,1
1201,311780,1
1202,311800,7
1203,311830,4
1204,311840,2
1205,311860,27
1206,311870,3
1207,311880,2
1208,311910,3
1209,311930,7
1210,311940,3
1211,311950,1
1212,311995,1
1213,312087,2
1214,312090,2
1215,312110,1
1216,312120,1
1217,312140,3
1218,312160,7
1219,312220,1
1220,312230,29
1221,312247,2
1222,312250,1
1223,312260,1
1224,312300,1
1225,312320,1
1226,312360,2
1227,312400,2
1228,312410,2
1229,312420,1
1230,312430,1
1231,312450,2
1232,312480,1
1233,312560,1
1234,312570,1
1235,312590,1
1236,312610,8
1237,312620,1
1238,312675,2
1239,312695,1
1240,312700,1
1241,312710,9
1242,312740,1
1243,312770,15
1244,312780,2
1245,312800,2
1246,312810,1
1247,312820,1
1248,312830,1
1249,312850,1
1250,312870,4
1251,312890,1
1252,312910,1
1253,312920,1
1254,312940,2
1255,312950,5
1256,312970,1
1257,312980,3
1258,313005,1
1259,313020,3
1260,313030,2
1261,313050,1
1262,313065,1
1263,313090,2
1264,313110,1
1265,313115,1
1266,313130,4
1267,313140,1
1268,313170,7
1269,313220,1
1270,313240,7
1271,313250,1
1272,313310,1
1273,313350,1
1274,313360,2
1275,313370,1
1276,313380,10
1277,313420,8
1278,313440,2
1279,313460,1
1280,313505,2
1281,313510,5
1282,313520,2
1283,313540,1
1284,313580,1
1285,313590,1
1286,313600,2
1287,313610,1
1288,313620,3
1289,313630,2
1290,313657,1
1291,313665,2
1292,313670,28
1293,313695,1
1294,313700,2
1295,313710,1
1296,313720,2
1297,313740,2
1298,313750,3
1299,313753,1
1300,313760,1
1301,313810,1
1302,313820,12
1303,313830,1
1304,313840,1
1305,313860,1
1306,313867,2
1307,313870,1
1308,313890,1
1309,313900,1
1310,313910,1
1311,313940,5
1312,313950,1
1313,313960,2
1314,313980,1
1315,313970,1
1316,313990,1
1317,314000,2
1318,314015,2
1319,314030,1
1320,314040,1
1321,314050,1
1322,314070,2
1323,317150,1
1324,314110,1
1325,314160,1
1326,314200,1
1327,314240,1
1328,314250,1
1329,314270,3
1330,314280,1
1331,314290,1
1332,314300,3
1333,314310,3
1334,314315,1
1335,314320,4
1336,314340,2
1337,314330,11
1338,314390,3
1339,314400,2
1340,314410,5
1341,314430,1
1342,314440,1
1343,314450,1
1344,314460,3
1345,314465,1
1346,314467,1
1347,314470,2
1348,314480,9
1349,314505,1
1350,314510,2
1351,314520,5
1352,314530,5
1353,314535,1
1354,314550,1
1355,314560,2
1356,314590,1
1357,314600,2
1358,314610,1
1359,314625,1
1360,314630,1
1361,314640,2
1362,314690,3
1363,314710,6
1364,314700,2
1365,314720,2
1366,314730,2
1367,314740,1
1368,314760,1
1369,314750,1
1370,314790,6
1371,314800,9
1372,314810,5
1373,314830,1
1374,314875,1
1375,314910,2
1376,314915,2
1377,314930,2
1378,314960,1
1379,314970,1
1380,314990,2
1381,315000,1
1382,315050,2
1383,315060,2
1384,315080,2
1385,315100,1
1386,315120,4
1387,315130,1
1388,315140,1
1389,315150,2
1390,315170,4
1391,315180,14
1392,315190,1
1393,315200,2
1394,315217,2
1395,315230,1
1396,315250,8
1397,315260,2
1398,315280,5
1399,315310,1
1400,315340,2
1401,315400,2
1402,315415,1
1403,315420,2
1404,315445,1
1405,315450,1
1406,315460,13
1407,315470,1
1408,315480,2
1409,315570,1
1410,315580,1
1411,315610,1
1412,315645,1
1413,315660,1
1414,315670,3
1415,315690,1
1416,315710,1
1417,315720,2
1418,315730,2
1419,315750,1
1420,315780,15
1421,315790,2
1422,315920,1
1423,315940,1
1424,315930,1
1425,315960,2
1426,315980,1
1427,315990,1
1428,316040,2
1429,316045,2
1430,316070,1
1431,316080,1
1432,316110,3
1433,316120,1
1434,316130,3
1435,316170,1
1436,316200,2
1437,316210,6
1438,316240,1
1439,316245,2
1440,316250,4
1441,316255,1
1442,316265,2
1443,316290,2
1444,316292,1
1445,316294,1
1446,316360,1
1447,316370,7
1448,316380,2
1449,316460,1
1450,316470,1
1451,316500,1
1452,316510,1
1453,316540,1
1454,316550,1
1455,316556,1
1456,316620,1
1457,316630,1
1458,316690,1
1459,316710,4
1460,316720,14
1461,316555,2
1462,316730,2
1463,316800,1
1464,316810,2
1465,316820,2
1466,316840,1
1467,316860,5
1468,316880,1
1469,316900,2
1470,316930,3
1471,316935,2
1472,316940,6
1473,316960,3
1474,316980,1
1475,316990,5
1476,317005,4
1477,317010,10
1478,317020,29
1479,317040,7
1480,317043,4
1481,317050,1
1482,317057,1
1483,317060,1
1484,317070,10
1485,317080,1
1486,317090,1
1487,317100,1
1488,317103,2
1489,317110,1
1490,317115,1
1491,317120,5
1492,317130,4
1493,317200,2
1495,320010,3
1496,320030,2
1497,320060,3
1498,320080,1
1499,320090,4
1500,320115,3
1501,320120,11
1502,320130,16
1503,320140,4
1504,320150,7
1505,320170,1
1506,320190,2
1507,320210,2
1508,320220,2
1509,320225,1
1510,320230,1
1511,320240,7
1512,320245,1
1513,320260,1
1514,320265,1
1515,320280,1
1516,320290,2
1517,320300,2
1518,320313,1
1519,320320,4
1520,320334,1
1521,320340,1
1522,320370,2
1523,320380,1
1524,320390,1
1525,320400,3
1526,320440,2
1527,320455,3
1528,320470,1
1529,320480,1
1530,320490,5
1531,320495,1
1532,320500,20
1533,320501,1
1534,320506,2
1535,320510,1
1536,320517,1
1537,320520,16
1538,320530,12
1539,330010,10
1540,330015,2
1541,330023,2
1542,330025,3
1543,330030,3
1544,330040,5
1545,330045,11
1546,330050,2
1547,330060,1
1548,330070,2
1549,330080,3
1550,330100,9
1551,330110,1
1552,330120,1
1553,330130,2
1554,330140,2
1555,330150,1
1556,330170,15
1557,330185,1
1558,330190,8
1559,330200,6
1560,330220,2
1561,330225,2
1562,330227,3
1563,330240,9
1564,330250,3
1565,330260,2
1566,330270,3
1567,330285,7
1568,330300,1
1569,330330,16
1570,330340,8
1571,330350,9
1572,330360,1
1573,330370,2
1574,330380,3
1575,330385,1
1576,330390,12
1577,330410,1
1578,330411,2
1579,330414,3
1580,330415,1
1581,330420,10
1582,330440,1
1583,330450,1
1584,330452,3
1585,330455,166
1586,330470,1
1587,330480,1
1588,330475,2
1589,330490,19
1590,330500,3
1591,330510,9
1592,330513,1
1593,330520,2
1594,330530,1
1595,330550,4
1596,330555,2
1597,330580,5
1598,330600,1
1599,330610,4
1600,330630,14
1602,350010,2
1603,350030,2
1604,350050,7
1605,350070,1
1606,350100,2
1607,350115,2
1608,350140,2
1609,350160,16
1610,350170,3
1611,350190,4
1612,350210,3
1613,350230,1
1614,350240,1
1615,350270,5
1616,350275,2
1617,350280,10
1618,350290,1
1619,350320,25
1620,350330,13
1621,350340,1
1622,350350,1
1623,350360,1
1624,350380,1
1625,350390,2
1626,350400,13
1627,350410,12
1628,350420,1
1629,350450,8
1630,350460,1
1631,350490,1
1632,350530,2
1633,350550,9
1634,350570,14
1635,350590,2
1636,350600,16
1637,350610,3
1638,350630,1
1639,350640,1
1640,350650,4
1641,350690,2
1642,350700,1
1643,350750,5
1644,350760,10
1645,350770,1
1646,350790,1
1647,350800,2
1648,350830,1
1649,350840,3
1650,350850,1
1651,350870,1
1652,350880,2
1653,350900,7
1654,350920,6
1655,350930,2
1656,350940,2
1657,350950,48
1658,350960,5
1659,350970,4
1660,351000,2
1661,351020,5
1662,351030,3
1663,351040,1
1664,351050,2
1665,351060,11
1666,351070,3
1667,351080,4
1668,351100,6
1669,351110,9
1670,351120,2
1671,351130,1
1672,351150,3
1673,351220,2
1674,351240,1
1675,351280,2
1676,351300,6
1677,351310,2
1678,351340,3
1679,351350,7
1680,351370,2
1681,351380,23
1682,351410,5
1683,351430,1
1684,351440,2
1685,351450,1
1686,351460,1
1687,351470,1
1688,351492,1
1689,351500,11
1690,351518,1
1691,351519,1
1692,355730,3
1693,351550,4
1694,351570,8
1695,351600,1
1696,351610,2
1697,351620,19
1698,351630,7
1699,351640,11
1700,351670,5
1701,351690,1
1702,351720,1
1703,351730,1
1704,351740,6
1705,351750,1
1706,351760,1
1707,351830,1
1708,351840,3
1709,351860,2
1710,351870,16
1711,351880,49
1712,351900,1
1713,351907,7
1714,351910,1
1715,351930,2
1716,351960,1
1717,351970,7
1718,351990,1
1719,352010,1
1720,352030,2
1721,352042,1
1722,352044,1
1723,352050,11
1724,352100,1
1725,352120,1
1726,352150,1
1727,352170,1
1728,352190,1
1729,352200,1
1730,352210,7
1731,352220,3
1732,352230,14
1733,352240,4
1734,352250,14
1735,352260,8
1736,352270,10
1737,352280,1
1738,352290,1
1739,352310,15
1740,352320,6
1741,352340,7
1742,352390,7
1743,352400,2
1744,352430,6
1745,352440,4
1746,352470,2
1747,352480,3
1748,352500,4
1749,352510,2
1750,352520,2
1751,352530,6
1752,352540,1
1753,352570,3
1754,352590,21
1755,352600,1
1756,352610,2
1757,352640,2
1758,352650,1
1759,352670,11
1760,352680,8
1761,352690,14
1762,352700,1
1763,352710,3
1764,352720,2
1765,352760,1
1766,352790,1
1767,352810,2
1768,352820,1
1769,352840,6
1770,352850,3
1771,352880,2
1772,352900,27
1773,352930,8
1774,352940,15
1775,353020,2
1776,353030,2
1777,353050,4
1778,353060,24
1779,353070,9
1780,353080,6
1781,353110,1
1782,353130,9
1783,353140,3
1784,353160,2
1785,353180,3
1786,353170,1
1787,353190,6
1788,353205,2
1789,353240,2
1790,353280,1
1791,353290,3
1792,353300,1
1793,353310,1
1794,353320,1
1795,353340,3
1796,353350,6
1797,353360,2
1798,353390,2
1799,353400,1
1800,353410,2
1801,353440,31
1802,353460,2
1803,353470,7
1804,353480,1
1805,353475,1
1806,353530,3
1807,353540,2
1808,353550,2
1809,353560,1
1810,353670,3
1811,353680,1
1812,353710,2
1813,353730,7
1814,353740,1
1815,353760,5
1816,353770,1
1817,353780,4
1818,353790,3
1819,353800,7
1820,353810,2
1821,353830,1
1822,353860,1
1823,353870,34
1824,353880,4
1825,353890,3
1826,353900,2
1827,353920,2
1828,353930,4
1829,353940,1
1830,353950,4
1831,353980,3
1832,354000,1
1833,354020,2
1834,354060,3
1835,354070,1
1836,354075,1
1837,354080,2
1838,354090,1
1839,354100,14
1840,354105,1
1841,354110,1
1842,354130,3
1843,354140,11
1844,354150,4
1845,354160,2
1846,354165,1
1847,354170,1
1848,354180,1
1849,354190,1
1850,354200,2
1851,354210,1
1852,354220,1
1853,354230,1
1854,354240,1
1855,354260,3
1856,354280,1
1857,354300,1
1858,354320,1
1859,354325,1
1860,354330,2
1861,354340,39
1862,354370,2
1863,354390,11
1864,354410,1
1865,354420,1
1866,354430,2
1867,354515,1
1868,354520,4
1869,354530,1
1870,354560,2
1871,354580,7
1872,354600,1
1873,354620,1
1874,354630,3
1875,354660,3
1876,354680,4
1877,354700,1
1878,354750,3
1879,354760,2
1880,354730,3
1881,354770,1
1882,354780,20
1883,354790,3
1884,354800,3
1885,354805,1
1886,354830,2
1887,354850,21
1888,354870,21
1889,354880,7
1890,354890,11
1891,354900,1
1892,354910,12
1893,354930,2
1894,354940,1
1895,354970,2
1896,354980,27
1897,354990,17
1898,355000,1
1899,355010,3
1900,355020,1
1901,355030,543
1902,355040,4
1903,355060,9
1904,355070,4
1905,355080,3
1906,355100,19
1907,355110,2
1908,355160,2
1909,355150,2
1910,355170,11
1911,355180,3
1912,355210,6
1913,355220,48
1914,355240,10
1915,355250,9
1916,355260,2
1917,355270,2
1918,355280,6
1919,355340,1
1920,355360,1
1921,355370,1
1922,355380,1
1923,355385,2
1924,355390,1
1925,355395,1
1926,355400,12
1927,355410,11
1928,355430,2
1929,355450,2
1930,355480,1
1931,355490,2
1932,355500,5
1933,355510,1
1934,355530,1
1935,355540,4
1936,355550,1
1937,355560,1
1938,355600,1
1939,355620,3
1940,355630,1
1941,355635,1
1942,355640,1
1943,355645,1
1944,355650,5
1945,355670,2
1946,355680,2
1947,355690,1
1948,355700,6
1949,355710,6
1951,410010,2
1952,410040,4
1953,410060,1
1954,410050,1
1955,410090,1
1956,410100,3
1957,410120,2
1958,410140,9
1959,410150,6
1960,410170,3
1961,410180,8
1962,410190,1
1963,410200,1
1964,410210,1
1965,410240,1
1966,410260,2
1967,410280,1
1968,410290,1
1969,410305,3
1970,410310,2
1971,410315,1
1972,410330,4
1973,410340,1
1974,410345,2
1975,410360,1
1976,410370,1
1977,410405,1
1978,410420,3
1979,410425,1
1980,410430,6
1981,410440,1
1982,410442,1
1983,410445,3
1984,410450,4
1985,410465,4
1986,410470,1
1987,410480,15
1988,410490,6
1989,410500,2
1990,410520,1
1991,410540,1
1992,410550,4
1993,410570,2
1994,410580,11
1995,410600,1
1996,410610,3
1997,410620,1
1998,410630,3
1999,410640,3
2000,410650,1
2001,410680,2
2002,410660,4
2003,410690,83
2004,410700,2
2005,410715,1
2006,410720,4
2007,410740,1
2008,410750,2
2009,410754,1
2010,410760,2
2011,410765,5
2012,410775,3
2013,410820,2
2014,410830,9
2015,410840,8
2016,410850,3
2017,410860,3
2018,410865,2
2019,410880,3
2020,410895,2
2021,410930,3
2022,410940,8
2023,410960,4
2024,410970,4
2025,410980,3
2026,410990,2
2027,411010,4
2028,411020,1
2029,411030,1
2030,411040,1
2031,411050,2
2032,411060,1
2033,411070,3
2034,411110,2
2035,411120,2
2036,411140,2
2037,411150,3
2038,411180,2
2039,411190,3
2040,411210,5
2041,411220,1
2042,411230,1
2043,411270,1
2044,411280,1
2045,411295,1
2046,411300,1
2047,411325,2
2048,411330,2
2049,411342,2
2050,411345,1
2051,411350,2
2052,411370,34
2053,411373,1
2054,411400,1
2055,411410,1
2056,411430,1
2057,411450,1
2058,411460,3
2059,411480,2
2060,411490,1
2061,411500,1
2062,411520,21
2063,411540,1
2064,411550,3
2065,411560,1
2066,411570,1
2067,411580,2
2068,411640,1
2069,411660,2
2070,411670,1
2071,411690,1
2072,411705,2
2073,411710,1
2074,411722,1
2075,411729,1
2076,411730,1
2077,411750,2
2078,411760,3
2079,411770,3
2080,411780,1
2081,411790,2
2082,411820,1
2083,411840,4
2084,411845,1
2085,411850,5
2086,411860,1
2087,411870,2
2088,411880,1
2089,411885,1
2090,411900,1
2091,411910,1
2092,411915,7
2093,411950,7
2094,411960,1
2095,411970,1
2096,411990,22
2097,411995,2
2098,412015,1
2099,412020,1
2100,412033,1
2101,412060,7
2102,412085,3
2103,412090,3
2104,412110,1
2105,412140,6
2106,412170,2
2107,412180,1
2108,412200,2
2109,412215,2
2110,412217,2
2111,412220,1
2112,412240,1
2113,412290,2
2114,412300,1
2115,412330,1
2116,412340,1
2117,412350,9
2118,412380,1
2119,412390,3
2120,412405,5
2121,412400,1
2122,412410,3
2123,412440,1
2124,412470,1
2125,412530,1
2126,412535,1
2127,412540,1
2128,412550,8
2129,412560,1
2130,412570,2
2131,412575,2
2132,412580,2
2133,412625,7
2134,412630,2
2135,412635,2
2136,412650,1
2137,412660,3
2138,412665,2
2139,412710,6
2140,412720,1
2141,412730,3
2142,412740,3
2143,412750,2
2144,412760,1
2145,412770,4
2146,412780,1
2147,412785,2
2148,412790,1
2149,412795,1
2150,412800,3
2151,412810,7
2152,412820,1
2153,412840,3
2154,412855,4
2155,412860,1
2156,412870,1
2157,412850,1
2159,420010,2
2160,420020,1
2161,420040,1
2162,420080,3
2163,420120,1
2164,420125,2
2165,420130,3
2166,420140,4
2167,420150,1
2168,420165,1
2169,420170,1
2170,420180,1
2171,420190,2
2172,420195,1
2173,420200,10
2174,420207,1
2175,422000,0
2176,420208,1
2177,420209,1
2178,420210,2
2179,420220,3
2180,420230,3
2181,420240,31
2182,420250,2
2183,420257,1
2184,420260,1
2185,420280,4
2186,420285,1
2187,420290,12
2188,420300,5
2189,420320,5
2190,420330,1
2191,420340,2
2192,420360,2
2193,420370,1
2194,420380,2
2195,420390,2
2196,420395,2
2197,420400,1
2198,420420,17
2199,420425,1
2200,420430,11
2201,420435,1
2202,420440,2
2203,420455,1
2204,420460,16
2205,420470,2
2206,420480,6
2207,420517,1
2208,420520,1
2209,420530,1
2210,420535,1
2211,420540,29
2212,420545,2
2213,420570,4
2214,420580,1
2215,420590,9
2216,420610,2
2217,420620,2
2218,420630,4
2219,420640,1
2220,420650,2
2221,420670,1
2222,420690,2
2223,420700,5
2224,420710,2
2225,420720,1
2226,420730,2
2227,420740,1
2228,420750,3
2229,420760,1
2230,420770,1
2231,420775,3
2232,420780,1
2233,420800,2
2234,420810,5
2235,420820,13
2236,420840,2
2237,420845,1
2238,420850,1
2239,420880,2
2240,420890,7
2241,420895,1
2242,420900,2
2243,420910,47
2244,420917,2
2245,420920,2
2246,420930,7
2247,420940,3
2248,420960,2
2249,420970,1
2250,420990,2
2251,421003,1
2252,421010,4
2253,421020,1
2254,421040,1
2255,421050,2
2256,421060,3
2257,421070,1
2258,421085,1
2259,421090,1
2260,421100,1
2261,421105,2
2262,421110,1
2263,421120,3
2264,421130,6
2265,421145,1
2266,421150,2
2267,421165,1
2268,421170,3
2269,421175,2
2270,421189,1
2271,421190,9
2272,421200,2
2273,421210,1
2274,421220,2
2275,421223,1
2276,421225,1
2277,421227,1
2278,421230,1
2279,421240,1
2280,421250,1
2281,421265,0
2282,421290,1
2283,421320,1
2284,421330,1
2285,421340,1
2286,421350,4
2287,421360,6
2288,421370,1
2289,421380,2
2290,421390,2
2291,421400,5
2292,421410,2
2293,421430,1
2294,421480,7
2295,421470,1
2296,421500,5
2297,421505,1
2298,421520,1
2299,421530,3
2300,421545,3
2301,421550,2
2302,421555,1
2303,421565,1
2304,421567,1
2305,421568,1
2306,421570,1
2307,421580,10
2308,421600,2
2309,421605,1
2310,421620,3
2311,421630,2
2312,421640,2
2313,421650,3
2314,421660,17
2315,421690,3
2316,421700,1
2317,421730,1
2318,421740,1
2319,421750,1
2320,421760,1
2321,421770,4
2322,421780,2
2323,421790,1
2324,421795,1
2325,421800,2
2326,421810,1
2327,421820,5
2328,421840,1
2329,421850,1
2330,421870,9
2331,421880,1
2332,421885,1
2333,421890,3
2334,421900,4
2335,421915,2
2336,421930,1
2337,421940,1
2338,421950,2
2339,421970,1
2340,430003,1
2341,430010,2
2342,430020,1
2343,430040,10
2344,430045,2
2345,430050,2
2346,430057,2
2347,430060,6
2348,430064,2
2349,430066,1
2350,430070,5
2351,430080,2
2352,430085,1
2353,430087,1
2354,430090,2
2355,430100,7
2356,430105,1
2357,430120,4
2358,430130,2
2359,430140,4
2360,430150,2
2361,430155,2
2362,430160,14
2363,430163,2
2364,430165,1
2365,430185,1
2366,430180,1
2367,430210,12
2368,430215,1
2369,430220,1
2370,430223,1
2371,430225,1
2372,430230,2
2373,430240,2
2374,430250,1
2375,430265,2
2376,430270,3
2377,430280,8
2378,430290,1
2379,430300,18
2380,430310,7
2381,430320,1
2382,430340,2
2383,430350,14
2384,430355,1
2385,430360,1
2386,430367,1
2387,430390,3
2388,430410,1
2389,430420,7
2390,430430,3
2391,430435,1
2392,430440,7
2393,430450,10
2394,430460,22
2395,430463,5
2396,430466,2
2397,430469,1
2398,430471,2
2399,430470,9
2400,430480,2
2401,430490,1
2402,430500,1
2403,430510,60
2404,430515,1
2405,430517,2
2406,430520,2
2407,430530,2
2408,430535,2
2409,430543,1
2410,430545,1
2411,430550,2
2412,430558,2
2413,430560,1
2414,430580,2
2415,430593,1
2416,430595,1
2417,430600,4
2418,430605,3
2419,430607,1
2420,430610,9
2421,430620,1
2422,430630,2
2423,430637,1
2424,430640,5
2425,430650,1
2426,430660,2
2427,430673,3
2428,430675,1
2429,430676,2
2430,430680,2
2431,430690,1
2432,430697,2
2433,430700,16
2434,430720,1
2435,430730,1
2436,430745,1
2437,430750,3
2438,430755,1
2439,430760,5
2440,430770,3
2441,430780,1
2442,430781,1
2443,430790,9
2444,430807,2
2445,430810,2
2446,430820,4
2447,430825,1
2448,430830,1
2449,430850,1
2450,430860,2
2451,430865,2
2452,430870,1
2453,430890,3
2454,430900,2
2455,430910,2
2456,430912,1
2457,430915,4
2458,430920,12
2459,430925,1
2460,430930,7
2461,430940,2
2462,430955,1
2463,430710,3
2464,430957,1
2465,430960,2
2466,430970,2
2467,430975,1
2468,430990,1
2469,431000,5
2470,431010,2
2471,431020,4
2472,431036,1
2473,431040,2
2474,431050,1
2475,431057,1
2476,431060,2
2477,431065,2
2478,431080,1
2479,431085,2
2480,431087,1
2481,431110,2
2482,431112,1
2483,431115,2
2484,431120,3
2485,431130,9
2486,431140,6
2487,431142,1
2488,431162,1
2489,431164,2
2490,431170,4
2491,431173,3
2492,431180,1
2493,431190,1
2494,431200,2
2495,431205,1
2496,431210,2
2497,431215,1
2498,431225,1
2499,431235,1
2500,431240,6
2501,431244,1
2502,431245,2
2503,431250,1
2504,431260,1
2505,431261,1
2506,431262,1
2507,431265,2
2508,431270,3
2509,431280,1
2510,431301,2
2511,431303,3
2512,431306,2
2513,431320,2
2514,431330,6
2515,431349,1
2516,431339,1
2517,431340,19
2518,431350,4
2519,431365,2
2520,431370,1
2521,431380,1
2522,431390,1
2523,431400,3
2524,431405,7
2525,431406,1
2526,431407,2
2527,431410,20
2528,431415,1
2529,431420,1
2530,431440,34
2531,431449,2
2532,431450,1
2533,431455,1
2534,431460,1
2535,431470,5
2536,431480,1
2537,431490,108
2538,431510,1
2539,431514,1
2540,431517,1
2541,431530,2
2542,431532,1
2543,431535,1
2544,431540,1
2545,431560,13
2546,431570,4
2547,431600,3
2548,431610,1
2549,431620,2
2550,431640,4
2551,431643,1
2552,431650,2
2553,431660,1
2554,431710,8
2555,431675,2
2556,431680,25
2557,431697,1
2558,431690,25
2559,431695,1
2560,431720,3
2561,431730,9
2562,431700,2
2563,431740,4
2564,431750,8
2565,431760,3
2566,431770,1
2567,431755,2
2568,431790,7
2569,431800,4
2570,431805,1
2571,431810,1
2572,431820,4
2573,431830,6
2574,431840,1
2575,431842,1
2576,431848,1
2577,431850,3
2578,431870,18
2579,431880,4
2580,431890,4
2581,431900,2
2582,431912,2
2583,431935,1
2584,431937,1
2585,431940,3
2586,431950,3
2587,431960,2
2588,431990,3
2589,432000,7
2590,432010,2
2591,432020,2
2592,432023,1
2593,432030,1
2594,432035,1
2595,432040,4
2596,432050,2
2597,432060,1
2598,432065,2
2599,432067,2
2600,432070,2
2601,432080,4
2602,432090,3
2603,432100,1
2604,432110,4
2605,432120,7
2606,432130,3
2607,432135,2
2608,432143,2
2609,432145,1
2610,432146,1
2611,432147,1
2612,432150,5
2613,432160,4
2614,432162,1
2615,432166,1
2616,432170,1
2617,432180,1
2618,432185,2
2619,432190,5
2620,432195,2
2621,432200,4
2622,432210,4
2623,432220,1
2624,432230,1
2625,432237,2
2626,432240,8
2627,432250,7
2628,432253,2
2629,432254,1
2630,432255,1
2631,432260,13
2632,432270,4
2633,432280,7
2634,432285,1
2635,432290,2
2636,432300,15
2637,432320,1
2638,432370,1
2639,432377,1
2640,432380,2
2641,500020,1
2642,500060,16
2643,500070,1
2644,500085,2
2645,500090,8
2646,500100,4
2647,500110,6
2648,500124,1
2649,500190,2
2650,500200,1
2651,500210,1
2652,500220,1
2653,500230,1
2654,500240,2
2655,500260,3
2656,500270,49
2657,500290,1
2658,500295,2
2659,500310,1
2660,500315,3
2661,500320,2
2662,500325,2
2663,500330,2
2664,500345,2
2665,500348,2
2666,500350,1
2667,500370,22
2668,500375,3
2669,500380,2
2670,500410,2
2671,500440,1
2672,500450,1
2673,500480,7
2674,500490,2
2675,500500,1
2676,500510,1
2677,500515,2
2678,500520,1
2679,500540,3
2680,500568,1
2681,500570,4
2682,500580,1
2683,500600,4
2684,500620,4
2685,500630,7
2686,500635,2
2687,500660,5
2688,500690,1
2689,500710,1
2690,500720,1
2691,500740,1
2692,500769,2
2693,500780,1
2694,500790,3
2695,500793,1
2696,500795,8
2697,500800,3
2698,500830,11
2699,500840,1
2701,510025,4
2702,510040,1
2703,510100,1
2704,510125,1
2705,510140,2
2706,510170,3
2707,510180,4
2708,510190,2
2709,510250,3
2710,510263,4
2711,510267,1
2712,510268,1
2713,510270,3
2714,510279,2
2715,510285,1
2716,510305,2
2717,510325,2
2718,510330,2
2719,510337,1
2720,510340,27
2721,510345,1
2722,510350,2
2723,510420,1
2724,510452,1
2725,510455,1
2726,510480,1
2727,510510,2
2728,510515,3
2729,510517,1
2730,510525,1
2731,510530,1
2732,510560,4
2733,510562,4
2734,510590,4
2735,510600,1
2736,510615,1
2737,510621,1
2738,510622,1
2739,510623,1
2740,510624,1
2741,510625,4
2742,510628,1
2743,510629,2
2744,510630,2
2745,510637,1
2746,510642,2
2747,510645,1
2748,510650,3
2749,510665,1
2750,510675,3
2751,510682,1
2752,510700,2
2753,510704,2
2754,510720,1
2755,510760,16
2756,510770,1
2757,510775,1
2758,510780,1
2759,510740,1
2760,510787,1
2761,510790,4
2762,510792,8
2763,510795,5
2764,510805,1
2765,510820,2
2766,510835,1
2767,510840,8
2768,510860,1
2769,520005,1
2770,520010,1
2771,520013,1
2772,520017,1
2773,520025,5
2774,520030,1
2775,520050,1
2776,520055,3
2777,520080,1
2778,520085,1
2779,520110,20
2780,520140,33
2781,520150,1
2782,520170,2
2783,520180,1
2784,520250,1
2785,520280,1
2786,520330,3
2787,520350,1
2788,520355,1
2789,520380,2
2790,520390,1
2791,520400,3
2792,520410,2
2793,520425,1
2794,520430,2
2795,520440,1
2796,520450,4
2797,520480,2
2798,520485,1
2799,520505,1
2800,520510,3
2801,520520,1
2802,520540,4
2803,520547,1
2804,520549,8
2805,520551,1
2806,520552,1
2807,520580,1
2808,520590,1
2809,520620,1
2810,520710,1
2811,520830,1
2812,520725,1
2813,520735,1
2814,520753,1
2815,520760,3
2816,520780,1
2817,520790,1
2818,520800,9
2819,520810,1
2820,520850,1
2821,520860,2
2822,520870,94
2823,520880,1
2824,520890,3
2825,520910,3
2826,520915,1
2827,520920,3
2828,520945,2
2829,520990,1
2830,521000,5
2831,521010,1
2832,521020,4
2833,521030,1
2834,521040,7
2835,521080,1
2836,521090,2
2837,521100,1
2838,521130,2
2839,521140,2
2840,521150,5
2841,521170,1
2842,521180,4
2843,521190,8
2844,521220,1
2845,521250,14
2846,521300,2
2847,521308,1
2848,521310,5
2849,521370,1
2850,521375,1
2851,521380,1
2852,521400,3
2853,521410,1
2854,521440,1
2855,521450,3
2856,521460,1
2857,521480,1
2858,521486,3
2859,521520,1
2860,521530,3
2861,521560,2
2862,521600,1
2863,521630,1
2864,521640,1
2865,521710,1
2866,521730,2
2867,521740,1
2868,521760,3
2869,521770,2
2870,521800,4
2871,521830,3
2872,521850,6
2873,521860,1
2874,521870,1
2875,521880,6
2876,521900,2
2877,521930,1
2878,521971,1
2879,521973,1
2880,521975,3
2881,521980,2
2882,522005,1
2883,522010,3
2884,522020,2
2885,522040,1
2886,522045,9
2887,522060,2
2888,522140,7
2889,522145,1
2890,522160,2
2891,522170,1
2892,522185,8
2893,522190,1
2894,522205,1
2895,522230,1
2897,530010,124
