1                   1                   1                   3467                2210.39             1.57                1.78                36333590.00         
2                   1                   1                   2576                1490.72             1.73                1.91                24503935.00         
3                   1                   1                   347                 1000.40             0.35                0.33                16444211.00         
4                   1                   1                   384                 726.31              0.53                0.51                11938849.00         
5                   1                   1                   626                 975.00              0.64                0.62                16026667.00         
6                   1                   1                   401                 687.03              0.58                0.57                11293084.00         
7                   1                   1                   816                 545.02              1.50                1.53                8958787.00          
8                   1                   1                   540                 326.09              1.66                1.69                5360224.00          
9                   1                   1                   325                 176.46              1.84                1.86                2900512.00          
10                  1                   1                   587                 856.33              0.69                0.67                14075999.00         
11                  1                   1                   88                  31.01               2.84                2.85                509795.00           
12                  1                   1                   423                 282.43              1.50                1.51                4642468.00          
13                  1                   1                   1084                886.29              1.22                1.24                14568570.00         
14                  1                   1                   98                  52.63               1.86                1.87                865186.00           
15                  1                   1                   23                  6.21                3.70                3.71                102119.00           
16                  1                   1                   138                 203.21              0.68                0.68                3340257.00          
17                  1                   1                   121                 180.56              0.67                0.67                2968003.00          
18                  1                   1                   759                 643.08              1.18                1.19                10570782.00         
19                  1                   1                   46                  22.81               2.02                2.02                375007.00           
20                  1                   1                   15                  4.79                3.13                3.13                78769.00            
21                  1                   1                   2                   12.44               0.16                0.16                204403.00           
22                  1                   1                   9                   1.95                4.61                4.61                32108.00            
