1                   1                   1                   2039                1088.60             1.87                2.07                19966907.00         
2                   1                   1                   3110                3988.37             0.78                0.69                73153665.00         
3                   1                   1                   924                 1441.88             0.64                0.61                26446564.00         
4                   1                   1                   453                 805.65              0.56                0.54                14777026.00         
5                   1                   1                   272                 521.50              0.52                0.51                9565141.00          
6                   1                   1                   1383                1028.53             1.34                1.39                18865113.00         
7                   1                   1                   1139                1429.49             0.80                0.77                26219381.00         
8                   1                   1                   766                 1010.19             0.76                0.74                18528719.00         
9                   1                   1                   45                  10.91               4.13                4.14                200053.00           
10                  1                   1                   315                 461.43              0.68                0.67                8463379.00          
11                  1                   1                   348                 229.87              1.51                1.53                4216266.00          
12                  1                   1                   9                   48.68               0.18                0.18                892947.00           
13                  1                   1                   747                 577.60              1.29                1.31                10594287.00         
14                  1                   1                   54                  114.73              0.47                0.47                2104308.00          
15                  1                   1                   25                  6.56                3.81                3.82                120375.00           
16                  1                   1                   460                 582.13              0.79                0.78                10677348.00         
17                  1                   1                   143                 89.70               1.59                1.60                1645324.00          
18                  1                   1                   59                  28.28               2.09                2.09                518623.00           
19                  1                   1                   11                  30.00               0.37                0.37                550195.00           
20                  1                   1                   81                  121.04              0.67                0.67                2220010.00          
