10.478548           
8.543675            
8.764247            
8.643366            
8.442044            
12.278488           
9.169105            
8.028674            
9.310795            
8.752273            
9.173451            
9.316293            
7.557674            
10.404796           
8.452301            
11.546756           
7.786756            
8.465399            
11.006855           
10.962779           
8.301425            
10.635517           
12.300939           
10.633389           
10.447571           
7.702562            
10.183134           
11.695529           
9.813526            
10.354436           
8.384262            
10.491624           
9.803080            
9.118169            
10.810975           
11.548513           
9.151544            
7.702732            
11.023943           
9.216441            
10.250038           
9.710825            
13.315822           
9.128694            
8.803507            
12.755713           
10.184445           
9.797153            
11.373339           
12.758595           
8.104243            
8.132666            
8.775679            
8.799971            
8.342091            
13.752358           
12.269944           
9.225212            
9.016190            
9.892756            
10.246406           
8.868383            
9.936974            
9.514358            
10.441929           
10.719104           
9.529552            
11.160626           
11.145873           
12.524223           
9.862034            
8.706533            
8.851615            
7.282811            
8.348197            
12.164282           
10.798996           
11.354704           
12.196672           
13.445157           
7.926379            
8.547613            
10.372154           
9.971666            
8.894201            
8.455375            
9.553071            
10.275618           
9.344408            
7.758941            
9.552719            
9.611547            
8.228434            
11.621465           
10.360626           
8.435469            
7.943618            
8.238752            
11.154841           
7.676470            
12.235425           
7.323775            
11.600119           
10.404807           
9.588656            
9.290702            
9.487228            
8.886929            
13.138928           
8.610803            
8.794453            
8.976767            
10.571198           
8.437589            
7.636182            
9.994853            
8.935785            
10.885613           
8.907052            
8.039560            
9.566587            
9.933383            
8.246109            
8.811521            
6.705967            
10.819155           
8.313956            
9.400823            
8.199629            
10.351765           
7.937054            
8.295750            
11.738099           
10.662079           
10.217263           
8.131582            
9.721692            
9.209848            
12.225366           
7.764071            
11.134466           
9.809325            
9.328204            
8.169060            
8.973384            
8.221803            
9.440160            
8.442338            
8.259863            
8.392234            
11.482461           
9.344562            
10.593948           
11.959427           
7.043264            
9.311341            
9.363342            
9.203432            
11.015029           
10.121041           
7.423708            
10.797544           
8.348114            
11.784214           
12.236607           
8.924475            
8.673038            
10.321576           
8.042754            
9.359472            
7.992021            
11.097702           
9.911368            
8.029322            
7.480371            
9.567604            
7.160995            
6.880281            
8.402145            
7.751488            
9.403353            
7.894642            
9.564728            
9.194821            
7.921806            
6.769713            
8.389854            
8.515654            
9.403940            
9.253445            
11.754249           
9.326994            
10.293691           
11.813707           
10.096740           
9.041952            
9.313631            
9.260262            
12.307186           
9.313079            
10.385458           
10.323089           
9.035943            
8.723855            
11.704917           
7.742832            
10.736982           
11.000905           
10.577807           
9.269474            
12.033455           
9.771782            
8.917017            
7.603473            
10.867564           
8.048859            
8.942044            
10.067172           
9.920569            
9.453595            
7.915937            
7.981196            
8.706450            
11.940773           
9.275212            
8.384193            
11.768460           
8.248751            
9.254100            
9.454696            
8.658239            
9.187586            
10.612051           
9.253337            
11.641260           
8.507274            
10.695857           
7.714397            
9.178244            
11.644837           
12.207682           
7.699863            
11.178487           
9.778192            
8.562925            
8.876895            
10.477599           
8.353973            
8.800157            
8.409662            
8.462599            
9.049670            
7.434484            
13.182310           
12.374924           
11.803093           
8.586593            
11.990212           
7.588541            
7.654584            
7.768535            
6.875422            
7.816265            
9.283405            
8.059359            
13.277444           
7.170060            
10.520590           
8.631934            
8.817597            
11.480498           
9.519690            
8.916119            
10.465577           
8.507067            
9.353831            
11.072651           
8.833578            
9.606708            
8.999287            
9.433532            
7.912139            
9.848154            
10.197660           
8.407235            
9.165214            
10.528267           
8.311037            
9.618327            
9.569901            
8.786097            
9.578070            
10.130297           
9.044009            
9.293799            
8.306444            
9.894585            
9.068726            
10.819959           
9.516852            
9.848413            
8.626398            
9.816356            
8.459360            
9.603701            
9.677547            
10.178038           
9.337267            
9.914639            
9.404106            
8.786210            
9.721081            
8.911483            
8.836904            
8.942044            
8.154534            
10.576684           
8.367154            
8.319161            
9.844917            
10.277681           
9.888891            
9.761623            
10.667843           
8.333896            
7.479413            
11.721278           
9.021388            
8.581763            
6.918937            
9.924352            
8.029013            
9.225870            
10.781060           
11.721840           
9.115096            
10.612629           
11.372645           
11.017859           
10.796232           
10.088261           
7.906821            
8.570900            
8.422503            
12.246250           
8.326747            
10.126458           
10.279173           
11.712502           
7.912542            
11.430404           
9.898595            
9.031868            
11.730534           
15.932924           
9.733394            
9.980811            
9.577789            
9.040823            
9.329550            
8.393415            
9.851922            
8.339578            
8.586954            
8.269076            
9.797807            
10.698317           
10.899536           
8.009377            
11.023391           
8.318649            
9.623946            
8.800484            
8.426773            
9.743216            
10.965298           
9.684196            
9.069676            
9.543085            
8.756816            
9.952346            
8.231036            
9.386717            
9.947107            
8.323344            
10.063248           
8.038553            
8.134972            
16.507254           
10.594518           
9.524432            
9.967597            
9.024973            
11.796888           
12.657963           
8.404397            
10.756161           
9.631133            
9.608223            
8.416447            
11.093826           
10.207459           
9.366266            
14.807870           
9.568731            
7.521447            
8.177172            
9.510513            
8.868943            
10.743411           
9.011941            
9.960902            
8.925078            
9.540355            
8.546588            
8.933980            
8.174143            
8.691884            
9.441050            
9.755447            
8.104111            
8.382346            
10.272301           
10.031131           
9.517820            
7.962278            
9.337532            
8.774564            
10.184130           
8.687315            
9.480565            
7.527798            
10.067816           
9.874554            
7.549483            
8.866637            
10.596886           
8.893701            
9.292952            
8.746191            
8.409565            
10.068602           
10.393177           
7.894352            
8.090349            
12.167308           
9.415766            
10.124949           
8.252797            
8.788969            
10.293698           
10.179154           
9.319950            
10.640021           
8.581601            
10.518482           
9.039600            
10.442476           
10.808163           
10.808575           
8.564250            
9.787827            
10.876838           
9.740484            
11.893760           
7.616493            
8.958795            
10.951310           
10.910770           
7.824069            
9.450035            
8.284511            
12.993830           
8.643269            
8.004863            
10.642720           
9.452409            
7.641764            
9.358631            
7.689467            
10.329123           
10.082571           
11.197995           
10.257555           
10.328123           
11.270486           
8.977697            
8.427447            
11.330013           
9.164772            
7.486532            
8.654658            
9.240873            
8.332291            
7.834540            
8.185247            
8.171025            
10.513057           
9.225386            
9.330111            
8.525626            
9.009329            
8.630433            
9.160990            
8.260205            
10.294342           
12.026075           
11.205120           
7.989262            
9.573900            
9.426724            
8.461301            
12.236452           
10.637482           
10.102685           
10.288461           
8.756637            
8.337381            
9.819957            
9.499445            
8.411830            
8.599654            
8.269295            
13.414781           
8.976318            
9.889038            
9.039623            
8.423754            
8.229701            
9.784644            
10.749605           
10.715274           
8.095755            
7.744807            
9.554343            
10.120444           
9.546459            
8.369131            
7.724596            
8.812646            
11.258066           
9.116091            
10.683692           
8.169779            
14.794041           
13.086311           
10.894603           
11.668111           
11.443719           
9.672739            
7.908108            
12.021157           
8.214434            
8.648994            
10.609453           
8.534146            
8.327395            
9.225290            
8.166424            
9.057592            
9.990490            
9.143847            
11.842250           
8.738631            
8.938902            
8.060759            
12.945870           
9.344026            
7.410997            
8.862694            
9.114199            
10.507243           
9.049636            
9.482243            
8.711677            
8.956326            
9.304028            
10.190273           
10.422196           
7.997042            
12.176219           
9.348494            
9.796115            
8.585074            
9.857142            
11.512748           
8.494219            
10.320508           
7.806477            
8.612809            
12.042823           
9.259634            
8.768859            
8.412021            
9.611514            
10.180206           
7.795407            
7.775742            
12.607083           
11.480565           
9.586138            
11.159831           
10.893940           
8.600030            
9.803141            
10.603438           
10.050223           
8.734196            
8.857828            
8.584223            
10.164283           
10.885793           
8.187637            
9.678425            
10.285108           
9.530880            
9.539320            
9.095517            
8.447728            
9.001188            
7.634692            
7.959468            
10.229627           
7.798393            
9.971078            
10.805054           
10.198213           
9.024510            
8.367905            
12.276515           
10.780839           
12.812189           
9.220345            
10.579876           
7.911549            
8.763336            
8.501338            
12.204570           
11.896203           
9.772858            
9.537321            
7.787212            
12.055543           
8.982749            
7.597815            
8.115862            
11.666166           
12.369113           
7.867720            
10.853264           
7.858889            
8.626760            
7.773612            
9.789284            
10.440041           
9.663980            
8.509579            
8.528925            
11.153562           
8.658685            
7.137451            
10.846810           
7.907283            
11.899393           
9.870579            
9.284859            
7.974009            
8.218356            
9.741274            
9.210743            
9.059676            
8.882903            
8.411794            
9.463035            
9.901841            
8.456867            
10.515372           
9.909510            
10.512087           
9.646761            
12.585180           
7.573472            
8.206072            
9.135001            
9.017510            
8.399305            
8.909148            
9.452043            
13.992629           
10.422960           
9.572929            
7.275405            
7.312568            
10.894190           
8.921310            
7.550525            
12.269354           
7.644147            
8.789729            
8.780625            
9.162876            
9.161513            
8.817966            
7.969464            
8.338704            
12.447977           
11.449289           
12.769605           
8.470838            
9.286022            
7.986243            
9.390533            
10.994106           
10.235563           
9.258337            
7.598609            
10.303831           
9.264486            
8.876680            
12.622248           
7.202083            
8.840223            
11.793670           
12.017151           
8.064578            
10.732861           
9.287482            
8.338966            
11.371260           
9.590329            
7.749295            
10.979471           
11.442995           
9.518751            
6.922216            
12.999411           
9.875519            
12.598274           
15.345674           
8.992353            
10.812360           
8.408618            
9.157007            
9.633005            
8.409122            
8.775679            
9.662002            
8.262069            
7.918865            
10.870994           
10.062460           
7.672833            
7.689964            
9.263159            
12.875746           
9.633482            
8.409586            
10.841238           
10.359237           
8.268894            
10.892018           
7.341737            
12.594314           
9.789032            
9.843903            
9.515653            
11.200014           
10.161953           
10.681483           
9.595819            
10.051007           
12.270296           
10.488376           
9.616468            
9.575277            
8.948085            
7.272609            
9.816157            
11.852260           
8.496500            
8.353973            
12.245329           
12.308726           
9.047518            
8.159354            
8.413474            
9.678412            
8.498064            
9.043020            
11.251548           
12.448638           
10.306962           
7.686298            
7.894370            
9.259630            
9.593624            
9.816271            
7.777542            
8.339523            
12.260627           
10.270560           
9.068889            
8.903707            
9.343139            
8.844209            
10.180665           
9.596806            
8.926353            
10.602193           
9.266529            
7.204359            
6.900549            
9.677611            
12.983511           
9.537145            
11.208092           
9.288778            
9.940559            
11.720159           
8.788451            
9.017398            
9.363397            
9.674824            
8.538604            
10.149770           
12.094078           
9.775816            
8.268989            
11.871075           
8.460881            
9.730190            
10.136039           
8.044991            
10.462168           
8.736799            
12.835777           
7.732338            
7.314187            
7.352267            
9.681612            
7.999614            
10.180538           
8.464043            
9.733307            
8.166040            
9.316797            
9.918734            
8.762639            
10.813550           
10.085062           
10.776545           
12.276268           
10.185358           
9.587528            
8.017121            
9.220710            
8.358219            
8.395543            
8.163337            
9.660319            
7.566783            
9.505596            
9.062160            
9.801481            
10.012906           
8.673132            
10.555398           
8.935014            
9.691017            
9.250133            
10.521080           
9.899316            
12.767376           
10.854054           
11.563405           
9.974036            
11.255181           
9.150452            
6.891127            
10.835387           
10.793796           
8.435901            
9.426411            
10.346103           
8.453730            
8.872346            
9.509417            
8.797061            
11.193544           
10.812697           
9.410610            
7.309533            
8.628188            
8.395237            
11.467327           
7.988958            
11.934950           
8.749931            
8.326025            
10.089911           
9.810410            
13.605419           
12.419517           
9.393803            
7.321868            
8.669118            
9.552662            
8.474104            
9.356938            
8.670591            
7.390690            
10.946773           
9.047759            
10.754813           
8.394182            
8.976207            
7.734675            
12.319757           
9.377839            
7.664334            
9.504833            
11.415521           
10.086764           
8.360465            
8.851103            
8.523508            
7.895116            
9.254670            
9.624321            
9.214690            
10.344471           
8.809345            
7.838347            
11.989998           
8.088584            
10.272375           
8.717787            
9.421455            
10.139474           
7.103661            
10.540318           
7.648779            
10.269605           
12.104768           
10.465886           
6.999973            
8.722094            
8.754945            
9.378778            
10.399566           
11.006546           
11.951284           
9.082271            
9.196200            
9.749458            
13.263769           
11.111813           
8.605125            
7.658169            
11.180273           
12.327268           
8.306062            
9.492283            
15.664728           
8.979309            
9.172417            
9.930419            
9.140873            
14.795425           
13.337608           
10.245822           
9.344436            
7.509197            
7.632309            
11.854104           
10.372972           
8.262305            
9.189080            
11.414682           
8.030332            
8.466589            
9.504683            
10.890380           
11.862142           
9.459777            
10.035779           
9.406965            
8.987403            
10.851296           
12.179807           
9.856622            
7.667128            
8.866811            
8.797691            
9.793033            
9.624036            
11.240895           
9.339382            
8.217674            
