1                   432240                          -29.750000          -57.080000          854.41              2015/1/1          2015/12/31        1010                375.595869          1e-017              2039                1088.60             1.87                2.07                19966907.00         T 
2                   290630                          -15.670000          -38.940000          972.23              2015/1/1          2015/12/31        1853                156.543360          1e-017              3110                3988.37             0.78                0.69                73153665.00         F 
3                   280280                          -11.510000          -37.510000          492.02              2015/1/1          2015/12/31        704                 120.286699          1e-017              924                 1441.88             0.64                0.61                26446564.00         T 
4                   330330                          -22.880000          -43.100000          122.10              2015/1/1          2015/12/31        68                  97.777966           1e-017              453                 805.65              0.56                0.54                14777026.00         T 
5                   150230                          -1.740000           -47.060000          410.77              2015/1/1          2015/12/31        199                 75.357849           1e-017              272                 521.50              0.52                0.51                9565141.00          T 
6                   317010                          -19.740000          -47.930000          360.79              2015/1/1          2015/12/31        641                 61.352010           1e-017              1383                1028.53             1.34                1.39                18865113.00         T 
7                   353060                          -23.520000          -46.180000          101.34              2015/1/1          2015/12/31        93                  36.046762           0.0000000000468     1139                1429.49             0.80                0.77                26219381.00         T 
8                   351510                          -23.830000          -46.810000          45.73               2015/1/1          2015/12/31        27                  35.148019           0.000000000103      766                 1010.19             0.76                0.74                18528719.00         F 
9                   130020                          -4.370000           -70.190000          255.83              2015/1/1          2015/12/31        6                   29.735929           0.0000000119        45                  10.91               4.13                4.14                200053.00           T 
10                  150815                          -3.710000           -53.730000          698.79              2015/1/1          2015/12/31        161                 27.174144           0.000000113         315                 461.43              0.68                0.67                8463379.00          F 
11                  220202                          -5.310000           -41.090000          226.93              2015/1/1          2015/12/31        176                 26.821764           0.000000153         348                 229.87              1.51                1.53                4216266.00          T 
12                  292890                          -12.360000          -44.970000          207.77              2015/1/1          2015/12/31        41                  24.561607           0.00000111          9                   48.68               0.18                0.18                892947.00           T 
13                  354370                          -21.580000          -48.070000          179.73              2015/1/1          2015/12/31        275                 24.079590           0.00000170          747                 577.60              1.29                1.31                10594287.00         F 
14                  240510                          -5.350000           -36.120000          113.66              2015/1/1          2015/12/31        67                  20.201390           0.0000511           54                  114.73              0.47                0.47                2104308.00          T 
15                  355120                          -23.270000          -49.470000          30.47               2015/1/1          2015/12/31        10                  15.014262           0.00483             25                  6.56                3.81                3.82                120375.00           T 
16                  314620                          -18.070000          -41.270000          338.07              2015/1/1          2015/12/31        434                 14.519075           0.00745             460                 582.13              0.79                0.78                10677348.00         T 
17                  510310                          -14.390000          -50.990000          297.75              2015/1/1          2015/12/31        143                 13.517899           0.0110              143                 89.70               1.59                1.60                1645324.00          T 
18                  220590                          -8.010000           -43.870000          180.30              2015/1/1          2015/12/31        57                  12.714912           0.0310              59                  28.28               2.09                2.09                518623.00           T 
19                  110013                          -9.440000           -61.980000          192.45              2015/1/1          2015/12/31        21                  7.977911            0.891               11                  30.00               0.37                0.37                550195.00           F 
20                  510800                          -12.770000          -56.550000          378.89              2015/1/1          2015/12/31        80                  7.575812            0.959               81                  121.04              0.67                0.67                2220010.00          F 
