1                   1                   1                   2181                1212.56             1.80                1.99                21922335.00         
2                   1                   1                   2026                1096.53             1.85                2.03                19824552.00         
3                   1                   1                   4471                5535.87             0.81                0.68                100084792.00        
4                   1                   1                   643                 1065.45             0.60                0.58                19262662.00         
5                   1                   1                   534                 897.64              0.59                0.57                16228798.00         
6                   1                   1                   468                 803.34              0.58                0.56                14523830.00         
7                   1                   1                   302                 576.25              0.52                0.51                10418258.00         
8                   1                   1                   1370                991.71              1.38                1.43                17929545.00         
9                   1                   1                   712                 463.73              1.54                1.57                8383989.00          
10                  1                   1                   518                 794.75              0.65                0.64                14368474.00         
11                  1                   1                   24                  3.95                6.08                6.09                71350.00            
12                  1                   1                   64                  27.14               2.36                2.37                490627.00           
13                  1                   1                   204                 131.84              1.55                1.56                2383642.00          
14                  1                   1                   49                  96.31               0.51                0.51                1741150.00          
15                  1                   1                   14                  38.54               0.36                0.36                696847.00           
16                  1                   1                   9                   1.51                5.95                5.96                27328.00            
17                  1                   1                   10                  29.24               0.34                0.34                528661.00           
18                  1                   1                   73                  45.78               1.59                1.60                827641.00           
19                  1                   1                   379                 452.52              0.84                0.83                8181191.00          
