1                   430187                          -30.200000          -57.550000          931.59              2016/1/1          2016/12/31        1045                359.485533          1e-017              2181                1212.56             1.80                1.99                21922335.00         F 
2                   430187                          -30.200000          -57.550000          912.25              2016/1/1          2016/12/31        999                 357.569378          1e-017              2026                1096.53             1.85                2.03                19824552.00         T 
3                   292300                          -17.890000          -39.370000          1005.86             2016/1/1          2016/12/31        1849                201.040913          1e-017              4471                5535.87             0.81                0.68                100084792.00        F 
4                   354880                          -23.620000          -46.550000          34.78               2016/1/1          2016/12/31        22                  106.251391          1e-017              643                 1065.45             0.60                0.58                19262662.00         T 
5                   330270                          -22.910000          -42.810000          154.87              2016/1/1          2016/12/31        93                  92.521342           1e-017              534                 897.64              0.59                0.57                16228798.00         T 
6                   290340                          -15.860000          -38.880000          489.77              2016/1/1          2016/12/31        449                 87.726333           1e-017              468                 803.34              0.58                0.56                14523830.00         T 
7                   150830                          -1.190000           -46.130000          485.20              2016/1/1          2016/12/31        232                 82.570582           1e-017              302                 576.25              0.52                0.51                10418258.00         T 
8                   314500                          -19.130000          -47.680000          367.31              2016/1/1          2016/12/31        591                 71.364081           1e-017              1370                991.71              1.38                1.43                17929545.00         T 
9                   231030                          -6.210000           -40.690000          326.31              2016/1/1          2016/12/31        417                 59.856480           1e-017              712                 463.73              1.54                1.57                8383989.00          T 
10                  260760                          -7.740000           -34.820000          248.47              2016/1/1          2016/12/31        353                 58.597852           1e-017              518                 794.75              0.65                0.64                14368474.00         T 
11                  240200                          -6.450000           -37.090000          13.33               2016/1/1          2016/12/31        2                   23.289582           0.00000255          24                  3.95                6.08                6.09                71350.00            T 
12                  130006                          -3.360000           -68.190000          410.17              2016/1/1          2016/12/31        19                  18.107254           0.000265            64                  27.14               2.36                2.37                490627.00           T 
13                  352170                          -23.860000          -49.130000          148.19              2016/1/1          2016/12/31        117                 17.121998           0.000640            204                 131.84              1.55                1.56                2383642.00          T 
14                  354230                          -23.260000          -45.530000          47.37               2016/1/1          2016/12/31        17                  14.295095           0.00803             49                  96.31               0.51                0.51                1741150.00          T 
15                  290250                          -12.300000          -44.530000          159.43              2016/1/1          2016/12/31        26                  10.391986           0.251               14                  38.54               0.36                0.36                696847.00           F 
16                  171190                          -10.790000          -49.620000          61.82               2016/1/1          2016/12/31        3                   8.570763            0.735               9                   1.51                5.95                5.96                27328.00            F 
17                  313460                          -19.510000          -43.740000          33.73               2016/1/1          2016/12/31        10                  8.527517            0.748               10                  29.24               0.34                0.34                528661.00           F 
18                  353820                          -22.770000          -46.590000          39.01               2016/1/1          2016/12/31        23                  6.876373            0.998               73                  45.78               1.59                1.60                827641.00           F 
19                  510325                          -9.450000           -59.220000          854.53              2016/1/1          2016/12/31        201                 6.570605            0.999               379                 452.52              0.84                0.83                8181191.00          F 
