8.272992            
8.137529            
12.305591           
11.605335           
11.628977           
9.322803            
12.235971           
8.793109            
9.196564            
8.150960            
9.564713            
8.850266            
8.345779            
9.371788            
9.926190            
8.641319            
9.280195            
10.092340           
10.124467           
11.299136           
9.190899            
10.642034           
8.776016            
12.143459           
11.683957           
8.568261            
8.543115            
8.370027            
8.724754            
8.436780            
11.523506           
10.301339           
8.597140            
7.579235            
8.915630            
9.512638            
8.371780            
10.835025           
12.221266           
8.438998            
7.825400            
9.252048            
10.391952           
9.531984            
10.112641           
9.781487            
7.264693            
9.834858            
12.471787           
9.010611            
7.842051            
9.975624            
9.694482            
8.714999            
9.738463            
8.786759            
8.583412            
9.730917            
10.200246           
9.051712            
8.914324            
8.338329            
6.926889            
7.907788            
7.724138            
10.764826           
8.042409            
8.807114            
12.085372           
9.516765            
8.071716            
8.777788            
8.688673            
9.241587            
9.066492            
7.671612            
7.697746            
10.802906           
7.511511            
12.772066           
9.163669            
9.638380            
8.656368            
9.370818            
9.460853            
8.475418            
10.617722           
10.190079           
10.607748           
9.388977            
9.129912            
11.878813           
9.700491            
12.123528           
10.043489           
8.078531            
9.183507            
10.089009           
8.983126            
9.452389            
10.930966           
9.970311            
9.492727            
10.760356           
8.701111            
8.987974            
9.522975            
9.376261            
8.519972            
7.745354            
8.252130            
9.485894            
8.428254            
8.922770            
7.202369            
8.593048            
11.599315           
10.005198           
7.921660            
9.391599            
8.750929            
11.360252           
8.157210            
8.593101            
9.089963            
11.003333           
10.022981           
8.432370            
10.541450           
8.522302            
8.846481            
7.786260            
8.365502            
11.264142           
8.824645            
9.280223            
9.138670            
9.072424            
7.290491            
11.568021           
7.616975            
9.816019            
12.400670           
9.428562            
10.807209           
9.037319            
8.696503            
10.033350           
10.345929           
8.067729            
10.040423           
7.652011            
10.912554           
7.736062            
9.860817            
8.423286            
8.685881            
10.002848           
7.874281            
9.099075            
9.372722            
7.469726            
8.969713            
8.582010            
10.097152           
9.180847            
9.156178            
8.158306            
9.368210            
9.094419            
12.824829           
10.174199           
10.447407           
10.795764           
9.074070            
9.807886            
8.361518            
9.150412            
8.378686            
8.575228            
12.710023           
9.222709            
11.401914           
9.364531            
7.574177            
8.746292            
9.698710            
10.267370           
8.201566            
7.369634            
9.082810            
9.162258            
11.011832           
8.410361            
10.774861           
8.642101            
9.292177            
12.544522           
10.074759           
13.190025           
11.927619           
11.776783           
8.408204            
8.200520            
9.253890            
9.546615            
12.750560           
9.206550            
10.562137           
9.001670            
7.894881            
9.870991            
7.469495            
8.490419            
9.096550            
7.942161            
9.718759            
9.287087            
10.202836           
9.100259            
7.394805            
9.064511            
9.375769            
8.192236            
8.146225            
8.431163            
8.685202            
9.445739            
9.299729            
8.346114            
10.253324           
9.860179            
8.724398            
9.622746            
8.307360            
12.612310           
8.078213            
8.810592            
9.872385            
10.011404           
10.423019           
8.660907            
9.226991            
13.137962           
8.363506            
7.687247            
7.370154            
8.744955            
9.265091            
8.459962            
8.116029            
9.755969            
8.348993            
8.421525            
10.991410           
9.327885            
10.785141           
9.803308            
12.441979           
9.147090            
9.287542            
7.469893            
8.759347            
9.186303            
8.388790            
8.627418            
9.573285            
10.516961           
11.026894           
9.492528            
7.845173            
9.447677            
8.194914            
9.928967            
7.872663            
10.136574           
13.718101           
8.694750            
8.581749            
7.489032            
9.636088            
7.897470            
10.066747           
7.804339            
10.621161           
12.401905           
7.954686            
8.099469            
11.128597           
12.713185           
8.700314            
7.631989            
9.043545            
8.538631            
7.700520            
8.692954            
7.269420            
8.308735            
9.008427            
8.153047            
10.241502           
9.641369            
11.568970           
7.805259            
8.331510            
10.944117           
8.433405            
8.344784            
10.532191           
9.080459            
10.731033           
11.131847           
9.166852            
9.042858            
8.940180            
7.520460            
11.005603           
11.873043           
10.875868           
10.133158           
7.854846            
10.003256           
10.145039           
8.212396            
7.855704            
8.633120            
9.443803            
9.204772            
8.399958            
8.348605            
11.374856           
8.711449            
10.042158           
7.318380            
8.365388            
9.054374            
11.245891           
10.522462           
10.411144           
8.111534            
11.345089           
7.316221            
9.552894            
8.565312            
10.792717           
10.227909           
9.039749            
8.505961            
9.216764            
10.048790           
7.821243            
9.002526            
8.894780            
8.836610            
10.394443           
7.757989            
8.279323            
8.244581            
8.790177            
7.621466            
9.126770            
8.915434            
9.117309            
8.961921            
10.265345           
9.591361            
8.121504            
8.558835            
9.222264            
9.505011            
12.450759           
9.673657            
8.394300            
8.704967            
8.961538            
8.647955            
8.475613            
10.678713           
8.683459            
9.662407            
13.729996           
8.621145            
10.304203           
10.460878           
8.286296            
11.849168           
9.158909            
8.488262            
7.325850            
8.082575            
9.747966            
10.547541           
7.489161            
13.434627           
9.389162            
9.590778            
9.750885            
10.996294           
7.482486            
8.936903            
11.428055           
9.694732            
8.954277            
10.739085           
8.174585            
9.776956            
12.494914           
8.169468            
8.631456            
11.432464           
9.105031            
10.291639           
12.999909           
10.147922           
9.496754            
7.479180            
10.134853           
9.328768            
10.326067           
8.677584            
9.423963            
11.968566           
10.591050           
11.290950           
12.811385           
11.382952           
9.090939            
10.881032           
8.375285            
10.675129           
9.425262            
8.920287            
9.207484            
8.770937            
9.794167            
10.721413           
10.408080           
9.001008            
7.476339            
9.858639            
11.411254           
10.603892           
8.710006            
10.826195           
9.571348            
8.430182            
9.299803            
8.586473            
9.156896            
10.087377           
9.921136            
9.065661            
11.705409           
9.796818            
11.335323           
13.066105           
8.259309            
10.404575           
11.704966           
9.068706            
11.647716           
7.537269            
10.790150           
8.182439            
10.242114           
9.346001            
8.417424            
11.162756           
9.920885            
8.145199            
8.894276            
8.789384            
8.980779            
8.562932            
9.980951            
8.746915            
10.081319           
9.761123            
12.525654           
9.435776            
8.585402            
8.496395            
8.437745            
9.080949            
8.668890            
10.514719           
10.844160           
9.422034            
8.688468            
12.585809           
9.358285            
8.511818            
9.011883            
9.847518            
8.802474            
9.214745            
8.499642            
7.957567            
7.140563            
10.855177           
8.603284            
8.542949            
11.426015           
9.296776            
8.283200            
9.520916            
8.417182            
9.811055            
8.841598            
7.597776            
12.279683           
10.842692           
6.837810            
9.289330            
8.622104            
9.150633            
7.926386            
7.291307            
10.196977           
11.584849           
7.466933            
8.629300            
8.276297            
7.747860            
9.842271            
10.472930           
13.679008           
15.127649           
10.003069           
8.023908            
8.872904            
9.363552            
9.212632            
10.913931           
8.385390            
8.103619            
10.406504           
12.512467           
8.852765            
9.422490            
12.149284           
7.288336            
9.510846            
11.154264           
10.832715           
8.526409            
9.595675            
11.088421           
9.814100            
15.075838           
9.481188            
9.457198            
10.005069           
15.231710           
9.203346            
7.234368            
9.006453            
7.725210            
9.235035            
10.968672           
9.351184            
8.614244            
11.175501           
9.316555            
8.975353            
7.907678            
8.311624            
11.436431           
9.990226            
10.487107           
10.160970           
10.683770           
8.469821            
9.277027            
9.478568            
10.631408           
9.443060            
10.670045           
9.803754            
9.994182            
9.094823            
7.639833            
11.185887           
10.212077           
10.990610           
9.011599            
9.694609            
10.631522           
10.511535           
12.968801           
12.423406           
8.838446            
9.076535            
9.050661            
9.089963            
9.822368            
9.821819            
13.157857           
9.444755            
11.590403           
8.847962            
8.473831            
12.409854           
7.339010            
8.637908            
7.671335            
8.391043            
7.852035            
9.534970            
9.746976            
8.681001            
9.007754            
8.554163            
8.500184            
9.351371            
7.819758            
7.955997            
7.865888            
9.160188            
10.075294           
9.309032            
9.687933            
8.482290            
11.297798           
8.951074            
9.803583            
11.070377           
10.407509           
10.536902           
13.801286           
9.188613            
10.369856           
11.139524           
12.743672           
9.067329            
11.018100           
13.411460           
8.590972            
8.049394            
9.090983            
9.661583            
8.926134            
9.011547            
10.882410           
8.959766            
11.412157           
11.586787           
11.371844           
9.187943            
7.818202            
9.774118            
9.241540            
9.299330            
9.787753            
9.613356            
8.622060            
9.922939            
8.275823            
13.034707           
10.046566           
8.409160            
8.333494            
11.204261           
8.095634            
10.762552           
8.466949            
10.798494           
9.212386            
10.351896           
7.994889            
11.112403           
8.639048            
11.907759           
12.024539           
8.112586            
8.072425            
8.921378            
8.673860            
9.337275            
11.107527           
10.109902           
10.819598           
7.318207            
8.945097            
12.564564           
8.484825            
12.711118           
8.910698            
10.989880           
10.421323           
14.487537           
7.710234            
9.209601            
10.141862           
9.176411            
8.646889            
12.094586           
10.040740           
10.859557           
7.876525            
16.448233           
10.032481           
9.200359            
8.598524            
9.475855            
10.956085           
8.697105            
9.825611            
10.092613           
9.287681            
8.875295            
8.917553            
12.191227           
8.247834            
8.020766            
11.423072           
8.610736            
7.488704            
8.706264            
8.068405            
8.127198            
12.219959           
7.935356            
9.992905            
10.160640           
8.206074            
10.929587           
9.687549            
8.402053            
7.746108            
11.274876           
9.944358            
10.769832           
13.296292           
9.533261            
9.801179            
10.048741           
13.010388           
8.590608            
7.444628            
8.708510            
9.809979            
10.774290           
10.471840           
8.710560            
8.037052            
10.003743           
9.062174            
10.949736           
14.541015           
11.574116           
10.486643           
9.436226            
8.062439            
9.336177            
8.128351            
9.373776            
10.890265           
8.895099            
8.012502            
9.210200            
7.786936            
12.444765           
9.439410            
11.883132           
10.137670           
11.096751           
9.000516            
9.177920            
10.441446           
8.040230            
9.662412            
9.355508            
9.157552            
11.379887           
7.623301            
7.576135            
8.116123            
7.340880            
8.084319            
9.022084            
10.295069           
7.743953            
9.382222            
10.154435           
8.386522            
8.437622            
9.967707            
9.883760            
9.613559            
13.199093           
9.610382            
8.678342            
8.136256            
8.964726            
10.314556           
8.525074            
8.103932            
8.382149            
11.380093           
10.286236           
8.205759            
9.109278            
8.940213            
8.507438            
10.035357           
11.971561           
7.737293            
6.950927            
7.818044            
8.484773            
8.933220            
10.975247           
8.350448            
9.087457            
8.098776            
9.516488            
9.992576            
7.960887            
9.659575            
11.998900           
11.024245           
9.834325            
10.191477           
11.055706           
8.605766            
9.315752            
8.793457            
9.281330            
10.119536           
8.536605            
10.044562           
8.537376            
9.565805            
8.836983            
8.199307            
10.638676           
8.162617            
8.084074            
10.590822           
11.298481           
12.556613           
11.761341           
8.190750            
9.522165            
9.420782            
12.118732           
9.668053            
7.921020            
8.025353            
10.692535           
11.860927           
10.667612           
8.796113            
8.741998            
8.944390            
12.046960           
8.603282            
9.361912            
9.404444            
8.239674            
8.478493            
8.012903            
8.836806            
8.919057            
10.634499           
9.342597            
8.280492            
8.193952            
10.687369           
9.196596            
10.932045           
12.986188           
8.347451            
8.067956            
8.229599            
9.681267            
11.197509           
8.193680            
9.328558            
8.729150            
11.522394           
10.282391           
9.058991            
10.240788           
8.157290            
13.030684           
9.969738            
11.316875           
8.414873            
7.676974            
8.483153            
7.873959            
8.721195            
11.885335           
11.138985           
8.156858            
11.378809           
9.251265            
11.747784           
10.417242           
10.480413           
11.893530           
8.345922            
10.797045           
9.288693            
10.799563           
11.544221           
8.765767            
7.858112            
8.725340            
7.776609            
10.211042           
10.137676           
8.676308            
12.814056           
8.891292            
10.847313           
8.068828            
9.193311            
12.680554           
9.402682            
8.094944            
8.618174            
7.088912            
9.562215            
13.287131           
8.072350            
9.983729            
9.639839            
7.266109            
10.051756           
10.878115           
9.952337            
11.170830           
9.714339            
12.015199           
9.136833            
9.283784            
10.089413           
10.754226           
9.124107            
9.112214            
8.554780            
10.184470           
8.466516            
9.643733            
10.996177           
11.235205           
9.505673            
9.287791            
10.317728           
9.358027            
7.557013            
11.800682           
9.200366            
11.492440           
10.888176           
9.601343            
9.042898            
8.342147            
9.097988            
10.412780           
8.879864            
8.724232            
9.316152            
8.162070            
8.111479            
11.615654           
9.540157            
8.091306            
10.870566           
9.439547            
11.129104           
10.865333           
8.420105            
9.514775            
8.273306            
9.040784            
10.936065           
9.883544            
9.890382            
8.439838            
9.342152            
8.533492            
8.704139            
12.329361           
8.546680            
9.761589            
9.687131            
13.688763           
9.319542            
7.916437            
6.531037            
7.327014            
10.524800           
10.097968           
9.526124            
9.679651            
