                                 _____________________________

                                         SaTScan v9.6
                                 _____________________________


Program run on: Tue May 19 14:29:26 2020

Purely Spatial analysis
scanning for clusters with high or low rates
using the Discrete Poisson model.
_______________________________________________________________________________________________

SUMMARY OF DATA

Study period.......................: 2017/1/1 to 2017/12/31
Number of locations................: 5563
Population, averaged over time.....: 207660929
Total number of cases..............: 12472
Annual cases / 100000..............: 6.0
_______________________________________________________________________________________________

CLUSTERS DETECTED

1.Location IDs included.: 432240, 430187, 431060, 431530, 431171, 430040, 431175, 431800,
                          431810, 431710, 432237, 431055, 431640, 430290, 431303, 431740,
                          430865, 431770, 431980, 431110, 430250, 431920, 430465, 431890,
                          431210, 430635, 431455, 430660, 431630, 431830, 431595, 430637,
                          432149, 431915, 431510, 431937, 431113, 431940, 431647, 431930,
                          430330, 430520, 431500, 431217, 430370, 431532, 432375, 431697,
                          432234, 430430, 430950, 431507, 432057, 432032, 431115, 431912,
                          430693, 432345, 430783, 431690, 431750, 431790, 431053, 432220,
                          430030, 431150, 431720, 430900, 430150, 430587, 431120, 430160,
                          432230, 432065, 431505, 431075, 430500, 431960, 430222, 431020,
                          430840, 432210, 431342, 431310, 431843, 430800, 432180, 431040,
                          430280, 430258, 431550, 430965, 430610, 430960, 430670, 430020,
                          431041, 430003, 431430, 430673, 430045, 431849, 430540, 431447,
                          430010, 430220, 430223, 431301, 431973, 431333, 431910, 431402,
                          431645, 430435, 430600, 430975, 431390, 431780, 430781, 432023,
                          430120, 430970, 430845, 430570, 432147, 432070, 431123, 430400,
                          432026, 431087, 430237, 431339, 431406, 432190, 430590, 431417,
                          431700, 430513, 430745, 431535, 430260, 431670, 430300, 432215,
                          431000, 431450, 430410, 431540, 430055, 430420, 431643, 431230,
                          430642, 430632, 431125, 432140, 430560, 432030, 431370, 431460,
                          432253, 430750, 430730, 432100, 432370, 430957, 431127, 430710,
                          431936, 430530, 430215, 431380, 430185, 420840, 431265, 431349,
                          432020, 430915, 432350, 431085, 432132, 432067, 430200, 431242,
                          431449, 432320, 432270, 431845, 430195, 431142, 431295, 430047,
                          430690, 431642, 430850, 430470, 431680, 430340, 430515, 421625,
                          431344, 431346, 432010, 431445, 431775, 430245, 430607, 431570,
                          432146, 431395, 432080, 430585, 430580, 431160, 421875, 431590,
                          430450, 430705, 431620, 432310, 430995, 421555, 420765, 431407,
                          430064, 421100, 431515, 430692, 430830, 432045, 431267, 431477,
                          431420, 430512, 431050, 430130, 431846, 431100, 430461, 431245,
                          420215, 431610, 432260, 432252, 421507, 420208, 431513, 432185,
                          431470, 432195, 420490, 420310, 431215, 430063, 430912, 421223,
                          430107, 430050, 431410, 430843, 431675, 431520, 431205, 421720,
                          430140, 421210, 431225, 430583, 431057, 432162, 431030, 430650,
                          431545, 430380, 430355, 430613, 430695, 431275, 430466, 431300,
                          430620, 420535, 430270, 420775, 430780, 420640, 431180, 431140,
                          431555, 430469, 420209, 430240, 431046, 432340, 431090, 431270,
                          421600, 420470, 430100, 430675, 420475, 430070, 430597, 420050,
                          432235, 431531, 420410, 431235, 430805, 421415, 430605, 431213,
                          430544, 421520, 432130, 430205, 432232, 431440, 431478, 421715,
                          430558, 421050, 431970, 431580, 431413, 421730, 430680, 421670,
                          430807, 431260, 421315, 432050, 431755, 430697, 420665, 432145,
                          430885, 420660, 432285, 430720, 432040, 430755, 420080, 430490,
                          430940, 430880, 421795, 432335, 421290, 421090, 431036, 432377,
                          410260, 420500, 430645, 430170, 421568, 430890, 431840, 431415,
                          421140, 430110, 420257, 432200, 430175, 421755, 430350, 431880,
                          431971, 432085, 421145, 430005, 431725, 430517, 431805, 431070,
                          420055, 410315, 432360, 431475, 421775, 430700, 430225, 430593,
                          430192, 412440, 430535, 421187, 420420, 421535, 432090, 430676,
                          432255, 412035, 410830, 430595, 430550, 431400, 430825, 430265,
                          421885, 430786, 430630, 431238, 431673, 421200, 431280, 430537,
                          432055, 420440, 420895, 431198, 431290, 431179, 420435, 420785,
                          430090, 410785, 432035, 431560, 420800, 431650, 431935, 430860,
                          412280, 431844, 431262, 430925, 431330, 431861, 420165, 430155,
                          430165, 430480, 420350, 421970, 431850, 431240, 430980, 430210,
                          430511, 430870, 432163, 421420, 411925, 421575, 420543, 432280,
                          411435, 410275, 421055, 431730, 411900, 432330, 412405, 430955,
                          420945, 432225, 430066, 421750, 432060, 431403, 431454, 432290,
                          430495, 431200, 430990, 421960, 430085, 431660, 431950, 430485,
                          421569, 431975, 430235, 410100, 411980, 431517, 421165, 431842,
                          430468, 432110, 420517, 430930, 430543, 410450, 431335, 430790,
                          421950, 430057, 430190, 430810, 431337, 421690, 412380, 420127,
                          420445, 431480, 431848, 412570, 432254, 412140, 431490, 411540,
                          431308, 431360, 431190, 431220, 420560, 431130, 420917, 420430,
                          431162, 431795, 420770, 410840, 420253, 412160, 420075, 431164,
                          430460, 411695, 430770, 421610, 421260, 430760, 420768, 430080,
                          412635, 431514, 431080, 420530, 412870, 410740, 431043, 430320,
                          432000, 431870, 431340, 420985, 430510, 431442, 411580, 412300,
                          430820, 432218, 421185, 430310, 431320, 431860, 430060, 421310,
                          421910, 430640, 431247, 420760, 431170, 411095, 430390, 430462,
                          411530, 411850, 410322, 432300, 410460, 420010, 410570, 411560,
                          431990, 421390, 411725, 430920, 411605, 431695, 431900, 421340,
                          420780, 430367, 421227, 411120, 430180, 412860, 412382, 430087,
                          431261, 410302, 420860, 412125, 421985, 431306, 410720, 420390,
                          421180, 432135, 410305, 430910, 410657, 431405, 410530, 430740,
                          421917, 420920, 411345, 412350, 430440, 420400, 431010, 420415,
                          432120, 412520, 431250, 430905, 432170, 410715, 412855, 410650,
                          410965, 412480, 432250, 431446, 420670, 420520, 420900, 412785,
                          411760, 421003, 420040, 412665, 431237, 412545, 412575, 412402,
                          410540, 420100, 410753, 431600, 420360, 431820, 412627, 412090,
                          410645, 420680, 431760, 411745, 421850, 430467, 431365, 411845,
                          420005, 410500, 410754, 420675, 421540, 431575, 430471, 411440,
                          421790, 410480, 420417, 420160, 421005, 421300, 421915, 420757,
                          420340, 412770, 411460, 412215, 412085, 410975, 421930, 411585,
                          412015, 431350, 430230, 431112, 421105, 430545, 412175, 430163,
                          410405, 410845, 410930, 431177, 411722, 420287, 410630, 410442,
                          411705, 411330, 421440, 432160, 420325, 431033, 500635, 410290,
                          410335, 412795, 420550, 421680, 500770, 411535, 431065, 410850,
                          430360, 432143, 420555, 432183, 432380, 410712, 420300, 430463,
                          410345, 420315, 412865, 411005, 421070, 411790, 410105, 410200,
                          412740, 410445, 431862, 410880, 420480, 431244, 421380, 432166,
                          420930, 411670, 431173, 430105, 411065, 420455, 411930, 412030,
                          420970, 410045, 411275, 410680, 421330, 430655, 411545, 500480,
                          500568, 421605, 421640, 412800, 412820, 421360, 411325, 421335,
                          410832, 421189, 421810, 500795, 410337, 410820, 432150, 410865,
                          410390, 421225, 421650, 420870, 421205, 421565, 421825, 500375,
                          500430, 411680, 411860, 421125, 421550, 411060, 411780, 421880,
                          421175, 410050, 420519, 421770, 411295, 412065, 421080, 421895,
                          420207, 420243, 420790, 412135, 410070, 410395, 410940, 500315,
                          412535, 410860, 411870, 410347, 421085, 420250, 420140, 421505,
                          411890, 412385, 411573, 412250, 410752, 410300, 421040, 420545,
                          411885, 421160, 421450, 420195, 411510, 411610, 411390, 421370,
                          420285, 411020, 421780, 421835, 421890, 421760, 411400, 420020,
                          411220, 500460, 420213, 420180, 412880, 421530, 412796, 420460,
                          421270, 500060, 420960, 421030, 421860, 412200, 412810, 420425,
                          420700, 421110, 411960, 410304, 421900, 421460, 422000, 410755,
                          421567, 420380, 411080, 412862, 420030, 420950, 500124, 420260,
                          411373, 420419, 421170, 410660, 421120, 420850, 412790, 420190,
                          421220, 421935, 421830, 412150, 421940, 421480, 411727, 421240,
                          421840, 421545, 420510, 411470, 421700, 420610, 412060, 410990,
                          412560, 420280, 410430, 420740, 421400, 412680, 420070, 410170,
                          420990, 411450, 420880, 411070, 420915, 410130, 421490, 411155,
                          500570, 421870, 421560, 420620, 410655, 420690, 421920, 410895,
                          420810, 410165, 421410, 420980, 411880, 420150, 420110, 410725,
                          420395, 411720, 410855, 410773, 500515, 412510, 410185, 421710,
                          412720, 411140, 410440, 410550, 410250, 420125, 421265, 411150,
                          411010, 500660, 412700, 420170, 410750, 420515, 421510, 420940,
                          411250, 420720, 412690, 421430, 412110, 410560, 421590, 421010,
                          411300, 412610, 412230, 500240, 411040, 412100, 410770, 500525,
                          411375, 420220, 412260, 420090, 411342, 412500, 411050, 421820,
                          412217, 420750, 410910, 411240, 412555, 420270, 410870, 421020,
                          421470, 412580, 411160, 420730, 420060, 412170, 412265, 421500,
                          412395, 410410, 411590, 421230, 410730, 421150, 421570, 421725,
                          421320, 412370, 411110, 412330, 410330, 420630, 420240, 410790,
                          411800, 420570, 411770, 410685, 500090, 412530, 420120, 411320,
                          412010, 412460, 421630, 421580, 500625, 411310, 420290, 500210,
                          420450, 421190, 500510, 420590, 410320, 411350, 410090, 411910,
                          411650, 411990, 411740, 411970, 410760, 420370, 421660, 500840,
                          410780, 500380, 411007, 420230, 500280, 411750, 412670, 412590,
                          412120, 411550, 420330, 500400, 412020, 421060, 411729, 420890,
                          421000, 411730, 420540, 410230, 500370, 411410, 420710, 410030,
                          421740, 411520, 410620, 411210, 421800, 412040, 412210, 412625,
                          420650, 411575
  Overlap with clusters.: No Overlap
  Coordinates / radius..: (29.750000 S, 57.080000 W) / 871.62 km
  Gini Cluster..........: Yes
  Population............: 22722969
  Number of cases.......: 2501
  Expected cases........: 1364.73
  Annual cases / 100000.: 11.0
  Observed / expected...: 1.83
  Relative risk.........: 2.04
  Log likelihood ratio..: 438.881843
  P-value...............: < 0.00000000000000001

2.Location IDs included.: 292300, 290690, 292200, 290080, 293135, 292550, 291280, 320405,
                          320160, 316670, 291560, 314430, 320490, 320410, 293325, 292110,
                          291890, 320350, 320100, 320360, 320425, 291600, 320305, 320390,
                          291845, 317030, 291465, 311370, 291180, 320515, 310660, 320517,
                          320210, 320501, 292530, 313890, 314675, 291072, 315765, 316030,
                          320470, 312015, 314850, 320320, 320435, 320016, 292770, 310470,
                          314467, 320090, 310090, 320013, 320225, 315510, 320465, 313960,
                          312705, 315810, 314620, 314535, 291530, 312560, 315660, 320335,
                          316257, 313180, 320330, 320400, 320035, 291630, 312083, 312680,
                          313470, 315710, 316330, 313600, 316860, 311570, 320150, 312737,
                          314315, 314150, 290340, 320313, 314490, 320060, 311545, 316105,
                          310170, 313580, 316165, 313650, 320250, 315000, 312210, 313270,
                          320495, 314630, 313230, 320080, 290630, 320220, 313700, 310110,
                          313410, 311080, 315430, 315240, 310520, 311300, 312730, 292090,
                          315217, 291680, 320460, 292540, 311840, 320270, 313507, 320500,
                          315950, 316950, 314530, 292000, 313330, 320290, 292390, 320450,
                          292805, 290560, 317150, 312675, 312690, 320455, 291970, 320316,
                          320130, 314055, 313920, 320520, 320530, 314140, 293250, 313400,
                          312770, 311265, 290225, 314870, 314010, 316555, 316300, 312245,
                          313320, 310180, 310220, 291855, 320510, 314400, 320010, 320190,
                          315190, 310285, 292665, 310340, 291540, 291040, 291640, 314420,
                          310270, 320334, 292935, 311700, 316805, 317190, 316840, 312370,
                          291710, 311920, 312580, 313545, 310060, 312235, 320115, 315737,
                          316770, 315820, 291580, 316160, 313120, 310100, 290470, 316447,
                          291090, 292780, 320506, 320240, 311950, 316550, 312250, 290670,
                          312650, 313655, 316095, 311740, 314995, 313055, 311230, 291620,
                          316260, 310445, 320030, 291210, 320170, 317160, 316450, 291100,
                          315750, 311600, 312087, 313090, 316360, 290330, 290480, 312750,
                          314860, 320245, 310650, 314435, 312930, 313770, 316410, 291230,
                          291480, 317005, 311610, 291360, 310925, 315650, 314180, 320040,
                          316350, 311205, 315015, 320503, 292270, 320300, 312220, 290090,
                          320260, 320140, 320420, 320370, 291350, 312385, 310665, 291550,
                          290290, 310050, 311340, 310630, 312695, 313652, 317107, 312352,
                          317057, 316970, 290800, 320265, 313115, 313835, 315890, 315935,
                          315700, 316280, 313657, 317180, 293270, 313250, 320440, 311680,
                          315725, 293330, 314170, 314053, 316760, 314840, 315895, 314625,
                          310880, 320120, 313130, 313610, 290350, 310780, 292500, 315415,
                          315053, 320280, 320255, 320332, 314465, 316800, 313940, 312000,
                          314537, 310205, 320310, 313950, 317115, 315600, 320070, 291660,
                          311940, 311350, 312800, 320180, 312707, 291000, 292510, 312030,
                          293180, 315350, 320020, 316870, 311210, 314060, 312310, 311290,
                          320430, 291150, 320380, 290240, 293220, 315680, 320230, 312780,
                          313065, 316270, 290370, 310850, 316255, 313867, 316650, 320200,
                          291520, 291490, 312420, 313500, 315400, 316610, 316590, 314030,
                          293230, 320340, 290395, 312540, 314090, 290310, 315790, 290120,
                          311010, 312590, 292470, 291270, 314587, 316340, 316400, 310300,
                          317065, 312180, 311380, 290900, 312200, 291390, 316020, 291510,
                          311330, 290689, 310030, 320480, 290060, 315560, 292070, 291995,
                          312550, 312260, 312530, 314875, 291290, 313200, 330615, 292040,
                          314750, 290515, 320050, 316480, 316710, 315800, 315490, 310240,
                          320110, 292145, 316010, 290870, 292570, 330060, 312010, 316630,
                          291830, 316050, 316920, 316100, 330475, 314470, 314900, 312595,
                          316695, 316556, 315020, 290580, 330410, 316140, 315450, 330310,
                          315740, 311750, 290200, 310600, 314370, 317050, 317140, 313550,
                          312160, 313170, 316045, 314545, 313280, 314345, 315330, 310310,
                          290195, 292180, 330500, 310370, 330220, 313620, 291345, 312270,
                          315500, 292275, 291800, 315220, 312100, 314210, 310230, 314585,
                          315570, 292467, 291570, 311170, 314880, 330205, 291120, 313680,
                          312490, 291165, 310250, 330115, 291730, 314100, 312670, 315210,
                          312760, 311810, 312825, 330230, 293350, 310570, 314820, 330513,
                          316380, 291740, 316190, 312735, 292030, 314655, 293100, 315645,
                          330100, 312400, 311547, 310770, 316850, 293160, 314390, 290460,
                          310550, 313510, 314505, 315900, 310730, 292260, 291870, 314290,
                          310040, 311020, 292680, 315720, 312820, 290500, 330480, 293120,
                          313660, 317130, 311670, 330090, 311535, 310540, 291940, 291760,
                          312380, 330300, 290540, 316443, 291690, 312900, 290880, 293260,
                          311270, 312430, 314330, 312170, 313460, 314670, 313925, 292575,
                          316830, 316150, 315230, 291670, 291720, 291905, 314220, 330470,
                          315320, 311000, 314830, 317200, 315840, 314250, 330015, 293290,
                          313800, 314000, 310500, 330210, 290950, 312733, 292050, 315850,
                          313640, 291200, 314610, 310920, 312880, 315310, 313570, 313760,
                          312190, 292790, 316060, 316570, 315080, 315780, 293210, 315670,
                          291820, 330415, 315410, 292450, 310480, 317103, 316990, 290280,
                          315630, 317120, 312660, 292240, 312720, 315390, 311650, 315110,
                          311530, 291875, 291420, 316295, 311787, 315480, 291880, 312290,
                          314480, 291010, 312330, 316600, 292490, 310620, 310870, 310460,
                          314930, 316900, 330460, 314110, 293000, 313840, 311250, 313260,
                          311540, 310320, 330140, 315360, 330093, 291780, 313190, 290430,
                          313110, 330530, 311630, 315130, 312460, 290660, 290230, 315460,
                          313790, 291220, 316240, 292940, 313505, 311890, 311910, 290520,
                          314590, 291430, 314795, 314200, 316225, 291950, 315520, 316730,
                          292250, 313390, 316720, 291860, 311860, 290100, 330590, 313560,
                          312090, 317210, 312840, 292220, 330245, 312130, 312980, 292280,
                          311880, 292670, 291170, 293317, 315580, 310210, 292870, 310440,
                          313810, 291030, 317090, 330110, 314740, 311800, 310990, 293320,
                          314160, 292740, 316553, 291020, 311830, 330150, 315910, 316290,
                          310670, 313100, 314360, 315540, 292080, 311220, 330240, 316790,
                          314015, 312410, 316000, 314230, 292130, 313730, 330120, 292730,
                          316620, 291610, 313535, 292910, 310640, 315620, 310150, 314020,
                          312150, 311310, 310960, 312640, 310900, 313540, 316265, 290830,
                          314660, 312965, 291920, 316090, 330160, 316292, 310330, 312040,
                          317080, 310860, 315380, 313865, 292850, 312738, 330050, 290730,
                          313665, 290010, 292060, 292340, 313010, 291500, 316560, 312850,
                          314570, 310690, 315730, 292960, 311320, 330570, 315010, 312600,
                          311490, 291685, 292975, 291190, 293070, 310810, 311960, 291992,
                          292105, 290050, 315440, 314070, 330452, 291340, 290980, 316310,
                          312390, 315530, 292360, 311590, 313980, 292190, 315040, 310163,
                          292430, 313970, 330540, 292230, 293105, 314950, 290650, 313868,
                          314960, 290490, 290570, 313370, 330340, 291160, 330130, 292900,
                          312060, 316070, 312570, 292920, 291733, 313210, 310560, 314690,
                          314085, 314915, 314710, 315120, 292285, 312500, 310290, 313520,
                          310940, 290485, 313740, 290755, 311620, 290380, 313670, 313380,
                          311115, 291005, 313930, 312960, 292860, 330023, 315860, 290820,
                          317000, 330515, 290130, 314080, 312300, 312140, 290420, 313220,
                          315200, 316245, 310590, 291470, 313020, 292950, 315270, 291260,
                          314580, 292880, 290170, 292100, 292930, 330095, 311783, 315060,
                          292640, 292595, 315420, 316750, 330080, 315140, 290110, 292020,
                          292690, 290710, 330560, 311970, 310680, 330600, 311760, 313005,
                          293170, 310610, 316880, 292520, 330070, 330520, 314770, 330022,
                          315213, 312940, 316180, 316935, 291380, 311420, 315733, 290850,
                          316110, 314940, 315610, 330187, 290750, 311450, 315940, 316250,
                          293140, 330580, 330370, 291080, 330025, 316420, 313830, 314520,
                          312230, 291930, 290890, 311660, 330430, 290400, 316500, 330020,
                          292720, 314350, 291900, 313860, 314050, 293040, 290150, 330185,
                          315727, 291400, 330575, 292303, 310825, 314225, 292350, 315030,
                          291590, 314970, 290205, 311520, 292410, 315870, 330450, 330550,
                          315057, 330390, 316460, 290070, 311400, 291980, 291250, 291960,
                          314540, 330190, 310390, 313695, 314560, 310740, 291450, 293340,
                          290220, 330250, 310700, 313910, 315760, 310020, 292830, 330385,
                          291300, 314270, 315590, 292330, 293110, 293015, 314640, 292990,
                          314450, 292750, 330610, 330290, 310800, 330270, 290260, 291077,
                          314890, 316120, 316040, 313350, 290410, 330490, 315370, 313000,
                          310280, 313450, 314240, 293280, 330620, 315990, 291440, 290390,
                          290040, 292405, 310750, 291050, 292630, 330330, 290640, 310360,
                          311040, 292465, 312320, 290700, 316530, 311460, 291910, 330170,
                          292210, 311560, 315930, 291330, 316170, 330180, 330045, 330455,
                          313040, 330510, 330280, 330350, 291370, 330030, 330285, 290810,
                          330320, 293130, 290405, 315880, 293080, 313430, 314190, 313720,
                          330414, 313850, 313530, 293075, 330227, 292010, 330360, 293050,
                          290685, 291060, 316700, 311200, 312610, 313880, 314990, 313820,
                          316660, 292480, 314780, 316640, 312470, 313080, 310420, 292273,
                          315470, 290360, 311480, 311190, 290860, 292205, 311120, 330555,
                          290840, 293305, 292970, 317052, 313870, 330395, 317075, 316890,
                          330400, 290910, 310720, 290190, 292370, 290030, 311995, 290327,
                          310855, 314120, 310120, 292895, 292610, 313030, 330630, 293150,
                          330412, 291125, 293310, 314650, 310080, 312080, 330200, 314460,
                          315970, 292905, 310820, 292810, 330411, 330040, 311980, 313630,
                          316210, 293300, 291735, 290960, 292937, 316080, 312020, 291790,
                          311615, 316520, 292593, 290530, 310380, 292320, 290687, 293060,
                          310130, 315445, 292700, 311390, 292170, 290210, 330440, 292120,
                          310490, 310510, 315050, 330420, 311870, 316820, 290323, 292310,
                          280170, 290300, 312340, 290620, 280280, 311550, 292800, 315550,
                          310710, 292820, 350490, 291650, 311430, 315830, 290450, 311150,
                          280750, 311770, 330260, 330225, 312247, 290610, 315340, 316930,
                          292290, 280760, 315150, 313750, 310450, 290115, 350315, 316940,
                          291240, 316780, 293030, 313300, 317070, 315260, 280300, 313753,
                          291750, 280630, 316370, 312810, 316490, 354960, 290930, 313050,
                          314130, 293315, 291320, 314800, 313310, 291310, 317047, 311070,
                          291410, 290790, 350350, 280740, 280040, 293090, 311280, 311410,
                          354190, 311160, 290510, 315300, 311130, 280210, 330010, 280510,
                          311090, 291835, 314760, 292650, 313590, 312360, 292580, 290550,
                          314550, 291915, 313780, 314437, 293190, 280067, 312950, 317170,
                          312280, 314260, 352660, 290440, 312070, 314720, 355200, 316430,
                          291460, 280580, 312520, 312050, 292980, 351340, 292140, 317060,
                          316680, 311440, 292560, 292525, 292265, 313710, 293240, 316200,
                          292225, 314040, 280620, 312890, 292660, 292925, 350860, 292335,
                          311900, 310160, 311720, 310930, 316294, 312920, 292590, 291130,
                          314440, 313990, 317100, 350995, 280350, 314700, 280320, 314910,
                          291085, 311710, 280670, 353850, 312110, 310200, 312620, 292460,
                          291700, 311470, 313900, 290680, 316980, 293345, 352720, 311360,
                          310190, 310430, 290760, 316690, 316220, 316320, 280550, 313240,
                          291185, 317220, 522070, 291850, 330380, 314810, 280680, 521270,
                          315170, 280710, 280030, 520670, 315100, 316810, 316740, 351840,
                          280060, 312860, 316440, 290780, 292380, 290265, 351360, 317040,
                          316230, 310400, 280480, 312240, 315960, 290180, 315090, 291075,
                          314510, 292160, 350250, 280100, 314790, 291070, 293245, 280360,
                          354075, 280050, 314300, 310890, 310760, 280370, 312440, 290600,
                          280290, 280660, 292150, 311930, 280500, 290035, 290970, 293010,
                          354430, 291535, 280590, 312120, 310970, 290250, 280400, 280520,
                          311100, 280390, 310950, 313375, 520400, 352630, 312630, 280200,
                          290940, 315250, 311780, 280610, 316390, 280650, 280230, 290135,
                          280530, 520396, 290160, 311790, 313690, 280250, 350970, 314410,
                          280410, 310840, 314730, 280600, 353800, 280150, 280720, 310945,
                          313480, 311510, 315290, 293076, 310530, 522068, 292305, 520080,
                          314980, 354860, 310010, 313150, 291770, 280445, 280330, 355480,
                          316580, 354820, 355540, 316540, 290740, 280460, 355000, 280140,
                          312870, 311850, 521830, 312740, 311030, 280130, 290270, 312450,
                          292890, 355410, 310830, 315920, 316905, 290920, 311240, 350870,
                          313160, 314310, 280700, 312970, 312830, 293360, 314920, 520690,
                          316470, 315180, 355360, 290140, 311990, 280430, 310790, 280190,
                          312990, 316510, 312350, 311060, 315770, 315640, 311640, 315690,
                          354230, 313060, 351390, 314320, 280220, 350850, 353230, 520940,
                          280490, 291810, 352370, 353170, 314600, 313290, 290320, 522220,
                          280450, 280380, 316557, 310410, 354360, 290682, 280690, 310260,
                          312480, 520990, 520620, 280020, 280270, 280340, 353630, 312790,
                          280260, 352490, 310910, 314500, 354970, 520800, 355080, 280070,
                          311820, 311050, 350040, 351320, 354790, 522130, 292420, 353700,
                          280160, 520480, 270680, 353050, 351620, 351050, 353560, 521550,
                          310140, 293200, 280440, 521980, 313360, 354810, 280730, 280640,
                          280570, 354990, 280420, 354910, 280310, 270670, 314380, 351090,
                          270750, 313490, 355640, 280110, 311500, 352040, 280010, 352380,
                          354270, 352540, 270820, 520790, 355070, 280470, 314340, 292620,
                          351518, 520510, 316910, 270270, 350100, 354310, 520830, 312510,
                          313070, 355210, 352550, 350940, 352010, 350820, 270320, 352440,
                          354600, 350050, 312125, 351080, 270590, 280240, 280560, 353680,
                          270920, 292760, 350300, 352700, 354950, 280540, 521760, 350030,
                          354500, 355635, 352020, 520850, 290475, 350590, 317010, 352410,
                          354625, 351830, 270090, 270150, 353860, 354760, 521490, 352260,
                          355160, 353820, 355730, 355330, 520660, 521010, 353120, 521250,
                          270640, 270230, 351770, 520549, 354630, 270290, 353360, 354680,
                          280120, 310350, 350780, 353070, 350760, 520120, 270880, 270260,
                          270710, 522180, 522185, 355150, 350660, 350190, 353240, 355140,
                          353080, 355495, 354940, 522000, 521480, 270400, 292440, 350710,
                          270620, 530010, 270410, 292045, 521523, 354490, 355090, 291955,
                          354800, 352970, 292840, 353060, 352510, 350410, 521740, 270070,
                          317020, 293020, 270915, 353430, 350390, 354750, 270580, 270375,
                          270340, 171515, 170270, 310070, 270540, 352130, 291840, 521530,
                          353200, 270030, 270370, 293077, 351220, 270840, 292400, 353710,
                          171215, 261110, 520017, 170555, 354070, 352310, 351310, 270570,
                          354340, 355250, 352470, 353930, 521350, 353980, 270420, 270240,
                          351905, 270140, 520490, 291140, 352520, 270180, 522108, 317110,
                          351570, 270600, 521580, 352760, 352850, 352340, 270235, 352670,
                          353190, 351515, 520060, 270440, 292600, 350635, 350380, 354620,
                          270200, 521920, 270780, 351880, 270910, 270860, 521975, 351370,
                          270060, 270895, 270020, 350960, 291990, 351280, 350330, 270642,
                          520590, 270010, 354020, 355170, 172090, 351630, 311730, 355620,
                          351640, 351460, 270800, 353650, 355650, 270310, 350950, 260805,
                          270080, 355670, 270250, 354330, 352940, 351740, 520530, 354410,
                          520025, 352730, 352590, 270100, 350900, 522200, 520450, 270120,
                          170240, 270720, 521290, 270330, 354880, 355030, 270900, 354780,
                          221062, 270480, 270470, 351870, 350200, 351240, 352690, 290720,
                          291110, 261480, 351270, 351907, 270255, 354870, 270460, 353340,
                          354090, 355240, 316960, 350920, 354850, 261100, 521305, 350160,
                          522060, 270630, 522026, 354670, 353950, 311140, 351350, 352400,
                          351885, 351380, 350560, 290990, 220552, 354390, 520030, 520630,
                          270500, 290770, 355680, 270530, 355100, 520020, 355440, 270490,
                          270700, 220110, 270160, 270690, 353440, 260875, 270610, 521878,
                          355280, 270430, 270220, 352140, 351060, 354100, 354580, 521560,
                          354730, 352420, 270790, 171780, 354370, 350570, 353180, 352050,
                          270040, 520815, 354890, 353910, 352500, 270890, 270660, 353205,
                          351860, 354690, 270760, 521230, 220375, 270940, 352110, 352250,
                          260050, 351500, 315070, 352360, 350840, 270130, 220335, 350170,
                          292710, 351930, 351300, 270170, 350550, 352430, 314280, 350275,
                          520010, 260740, 355365, 352220, 270770, 351210, 351490, 260915,
                          290590, 315160, 351200, 261260, 260210, 350610, 354520, 260700,
                          353870, 351170, 351510, 270190, 355320, 350320
  Overlap with clusters.: 3, 4, 5, 7, 12, 14
  Coordinates / radius..: (17.890000 S, 39.370000 W) / 1016.52 km
  Gini Cluster..........: No
  Population............: 102871882
  Number of cases.......: 5076
  Expected cases........: 6178.43
  Annual cases / 100000.: 4.9
  Observed / expected...: 0.82
  Relative risk.........: 0.70
  Log likelihood ratio..: 196.153553
  P-value...............: < 0.00000000000000001

3.Location IDs included.: 351380, 354870, 354780, 354880, 355030, 355280, 352940, 354330,
                          352220, 351500, 353440, 354410, 351510, 351880, 351060, 351570,
                          351300, 351350, 350570, 353980, 352500, 355250, 352250, 352310,
                          350900, 354995, 355100, 354730, 351640
  Overlap with clusters.: 2
  Coordinates / radius..: (23.680000 S, 46.620000 W) / 41.28 km
  Gini Cluster..........: Yes
  Population............: 20786062
  Number of cases.......: 781
  Expected cases........: 1248.40
  Annual cases / 100000.: 3.8
  Observed / expected...: 0.63
  Relative risk.........: 0.60
  Log likelihood ratio..: 110.677189
  P-value...............: < 0.00000000000000001

4.Location IDs included.: 270680, 280070, 280270, 280440, 270270, 270670, 280640, 280490,
                          270320, 280340, 270230, 280570, 280690, 270750, 280160, 270400,
                          270880, 280380, 280730, 270915, 280430, 270590, 280330, 280530,
                          270820, 270375, 280010, 270260, 270150, 280020, 280150, 280110,
                          280250, 280130, 270140, 270290, 270410, 280610, 270420, 270030,
                          280470, 280720, 270860, 270920, 280310, 280660, 280400, 270780,
                          270020, 280190, 280200, 280460, 270910, 270060, 280260, 280060,
                          280240, 270200, 280650, 270100, 280590, 280030, 280480, 280360,
                          270080, 270480, 270235, 270900, 270470, 280220, 280390, 270310,
                          280410, 280050, 280700, 270370, 270690, 270700, 280560, 270490,
                          280670, 280600, 280450, 270040, 270220, 270070, 270790, 270090,
                          270430, 280290, 270630, 270440, 270890, 280445, 270660, 280320,
                          270940, 270130, 270255, 270170, 270340, 280230, 270760, 270770,
                          280100, 280370, 270540, 270620, 270120, 270190, 270600, 270520,
                          280420, 280680, 270530, 270640, 280620, 270550, 270250, 270570,
                          270110, 280500, 280140, 260210, 270810, 270840, 280520, 270644,
                          260860, 260470, 270930, 280350, 270800, 270180, 280210, 270280,
                          270050, 261510, 280540, 280630, 270720, 280067, 260240, 270850,
                          280710, 261010, 260650, 280580, 292380, 270830, 270380, 280040,
                          261230, 280510, 260050, 290920, 270460, 270895, 292420, 270650,
                          261030, 260600, 270300, 270710, 260100, 280120, 261320, 270510,
                          280280, 270610, 260370, 270870, 280760, 280300, 261150, 290035,
                          260320, 270580, 270210, 260330, 261290, 260380, 280170, 270740,
                          270560, 260830, 280750, 270390, 260825, 270730, 260920, 260840,
                          280740, 270160, 260880, 280550, 293076, 260750, 270360, 291790,
                          291075, 270330, 270135, 261650, 261020, 292760, 260795, 270500,
                          290860, 292700, 260870, 270450, 270350, 260670, 291185, 270240,
                          260500, 260915, 270010, 290160, 261580, 260420, 261300, 261600,
                          260150, 261000, 291810, 260280, 260040, 270642, 290780, 260310,
                          292305, 260080, 260060, 261340, 261080, 291650, 260820, 290030,
                          260030, 260140, 290960, 292400, 291060, 260700, 261240, 290190,
                          260230, 261330, 261090, 292650, 260170, 260120, 291140, 260590,
                          261470, 292310, 261310, 261485, 292660, 260480, 260130, 261480,
                          290700, 261190, 290265, 260350, 261180, 290790, 260410, 260805,
                          292290, 261200, 261420, 260660, 291050, 261120, 260090, 260190,
                          260260, 261100, 251520, 261140, 291370, 261170, 260640, 251410,
                          260450, 260520, 293190, 251740, 260800, 260720, 292970, 261540,
                          291590, 261250, 261410, 261130, 260490, 260580, 290205, 261500,
                          260290, 261620, 291070, 250390, 261640, 261050, 261210, 290070,
                          250970, 260510, 261270, 290360, 250470, 290220, 260940, 260610,
                          260180, 250170, 290210, 261450, 260540, 292330, 250407, 260810,
                          260790, 260440, 250053, 261618, 260890, 290040, 260850, 290682,
                          290750, 251278, 251315, 260740, 293150, 260220, 292590, 292520,
                          260415, 292710, 251630, 260570, 251394, 260345, 261370, 260690,
                          260970, 251220, 250485, 292410, 260845, 291910, 292100, 261060,
                          260400, 261160, 251700, 291450, 293050, 290327, 292150, 261550,
                          260960, 291990, 291005, 260910, 292830, 251060, 293140, 250625,
                          260270, 250990, 261070, 260010, 250073, 260710, 260005, 260950,
                          290890, 292950, 250157, 250310, 260390, 293170, 251550, 261590,
                          292750, 250250, 260105, 290570, 250130, 261380, 260560, 261630,
                          292265, 290640, 260680, 290850, 290770, 260340, 260160, 250435,
                          260900, 292800, 251400, 261460, 290680, 291330, 290110, 290840,
                          261153, 251480, 261390, 260775, 260780, 260070, 261360, 261570,
                          293110, 293200, 261440, 293070, 290650, 250850, 251230, 260392,
                          251065, 261247, 292860, 251250, 260760, 291080, 291920, 261530,
                          260460, 251660, 250610, 260770, 250010, 292920, 292610, 290020,
                          251455, 250720, 293300, 250215, 250650, 260620, 260250, 291992,
                          250800, 250540, 260550, 292580, 250900, 251385, 261280, 250670,
                          251310, 292930, 260360, 250400, 260930, 292630, 251650, 250680,
                          292895, 250355, 251275, 250940, 250790, 250300, 292975, 290150,
                          250690, 250939, 251120, 260765, 290820, 251240, 250920, 292740,
                          250830, 251670, 250870, 291610, 250530, 290490, 251580, 251445,
                          250115, 290170
  Overlap with clusters.: 2
  Coordinates / radius..: (10.400000 S, 36.430000 W) / 368.91 km
  Gini Cluster..........: Yes
  Population............: 22094414
  Number of cases.......: 849
  Expected cases........: 1326.98
  Annual cases / 100000.: 3.8
  Observed / expected...: 0.64
  Relative risk.........: 0.61
  Log likelihood ratio..: 108.920554
  P-value...............: < 0.00000000000000001

5.Location IDs included.: 330045, 330285, 330510, 330320, 330350, 330170, 330414, 330455,
                          330227, 330555, 330330, 330290, 330490, 330360, 330390, 330180,
                          330385, 330250, 330200, 330280, 330620, 330185, 330400, 330030,
                          330190, 330580, 330270, 330610, 330022, 330370, 330395, 330450,
                          330260, 330575, 330600, 330440, 330630, 330430
  Overlap with clusters.: 2
  Coordinates / radius..: (22.760000 S, 43.390000 W) / 79.20 km
  Gini Cluster..........: Yes
  Population............: 13607337
  Number of cases.......: 451
  Expected cases........: 817.25
  Annual cases / 100000.: 3.3
  Observed / expected...: 0.55
  Relative risk.........: 0.54
  Log likelihood ratio..: 103.835467
  P-value...............: < 0.00000000000000001

6.Location IDs included.: 210290, 150830, 210620, 210430, 210260, 210055, 150090, 210197,
                          210565, 150195, 150170, 211240, 210632, 150803, 210317, 210467,
                          210083, 150655, 150611, 210130, 210637, 211178, 150610, 150540,
                          150220, 210315, 150230, 210923, 211245, 150747, 150307, 210980,
                          150560, 150160, 210370, 150500, 150690, 150495, 150620, 211003,
                          150430, 210680, 150350, 150760, 210927, 150660, 210312, 210905,
                          150320, 150410, 210860, 210735, 210310, 210490, 150440, 150405,
                          210190, 150740, 210087, 150095, 210840, 150720, 210760, 150796,
                          150290, 150240, 150340, 210825, 150746, 211050, 210135, 150345,
                          210020, 150190, 211170, 150710, 211400, 210745, 150275, 150700,
                          211100, 150650, 150820, 210650, 210240, 211130, 150150, 150550,
                          210465, 210830, 150635, 211280, 150260, 210945, 150020, 150442,
                          210750, 150080, 210250, 210200, 211102, 211120, 210690, 150800,
                          210125, 150140, 210960, 210047, 210850, 210070, 210510, 150630,
                          211290, 150790, 210990, 210110, 211227, 210100, 211020, 210515,
                          210710, 210920, 150130, 210237, 210177, 210540, 210675, 150470,
                          210870, 210663, 150570, 210355, 211000, 210940, 150010, 210500,
                          210270, 150200, 211172, 150812, 210930, 210590, 210040, 150330,
                          211027, 210740, 210880, 210720, 211270, 210215, 210232, 210207,
                          150640, 211300, 210173, 150490, 211150, 210120, 211040, 211260,
                          210203, 210810, 210043, 150795, 150293, 210635, 150400, 211140,
                          210570, 210360, 210095, 210580, 210170, 150770, 210594, 210542,
                          210520, 210845, 210193, 211223, 150210, 210600, 210820, 210320,
                          210596, 211210, 210890, 150460, 210640, 210805, 150280, 210080,
                          210330, 150520, 150070, 210275, 210400, 210535, 211167, 150120,
                          210010, 210560, 211163, 211030, 210005, 150309, 211250, 211023,
                          150250, 210210, 150618, 211125, 210220, 210380, 211085, 210667,
                          211010, 220585, 150110, 210547, 211060, 210450, 210015, 220545,
                          210390, 210030, 220850, 220610, 211230, 220217, 210340, 220580,
                          220620, 210440, 210325, 210910, 210160, 220680, 210630, 210060,
                          220997, 211176, 150178, 150013, 210090, 150810, 220669, 210550,
                          220540, 150180, 150030, 150380, 210460, 211107, 220667, 210235,
                          211174
  Overlap with clusters.: No Overlap
  Coordinates / radius..: (1.190000 S, 46.020000 W) / 501.30 km
  Gini Cluster..........: Yes
  Population............: 11234002
  Number of cases.......: 381
  Expected cases........: 674.71
  Annual cases / 100000.: 3.4
  Observed / expected...: 0.56
  Relative risk.........: 0.55
  Log likelihood ratio..: 79.599983
  P-value...............: < 0.00000000000000001

7.Location IDs included.: 311130, 311160, 313050, 310710, 311440, 312520, 310200, 310160,
                          315830, 311710, 312810, 311870, 312020, 310430, 316940, 310080,
                          314720, 316690, 311280, 312240, 314300, 314510, 311120, 310190,
                          312360, 314460, 313900, 317070, 316294, 311190, 315050, 311200,
                          310950, 315150, 310760, 311470, 311390, 315880, 314990, 315170,
                          314410, 311900, 314260, 313690, 311995, 311100, 315470, 316390,
                          310840, 312610, 314650, 316980, 316220, 313820, 311040, 316930,
                          310530, 316200, 312340, 314790, 311090, 316230, 312870, 313040,
                          313480, 316080, 312630, 350870, 310420, 315990, 316120, 311070,
                          313080, 313350, 313430, 316740, 355360, 312830, 317060, 313375,
                          313030, 312440, 311360, 313870, 315180, 311030, 313780, 316430,
                          312920, 316520, 351390, 313530, 310800, 313000, 313590, 315290,
                          314560, 315920, 314890, 313150, 311770, 311400, 316440, 310410,
                          314440, 311790, 314320, 354970, 314550, 316470, 355080, 316580,
                          310510, 311720, 312990, 313720, 313450, 315250, 313290, 316460,
                          316040, 314450, 311510, 353050, 315960, 350040, 314130, 311460,
                          310260, 314910, 311660, 316780, 312080, 311550, 310830, 311410,
                          316510, 312120, 310490, 355640, 312050, 354790, 316820, 352380,
                          354910, 311240, 316370, 310970, 351090, 316320, 311450, 316500,
                          311520, 313990, 314600, 311980, 354810, 314190, 316905, 313060,
                          313880, 312280, 311780, 312230, 310140, 310390, 314240, 315100,
                          314770, 351080, 314970, 315260, 311420, 312970, 313240, 316490,
                          352370, 312450, 351518, 350940, 313490, 310890, 315060, 310790,
                          317170, 315610, 350030, 310910, 316530, 353630, 310120, 350100,
                          315300, 311150, 316180, 313910, 313220, 314730, 311850, 313310,
                          315090, 316700, 316250, 314520, 316640, 355330, 312140, 354760,
                          310740, 314040, 313300, 312110, 317220, 354630, 314340, 316810,
                          315733, 354625, 315420, 311970, 316557, 314760, 311640, 311060,
                          311990, 310130, 316880, 312740, 310280, 350050, 355730, 311480,
                          313020, 313380, 315030, 351620, 315970, 312060, 312470, 354860,
                          313830, 314380, 313370, 352700, 311760, 352260, 354270, 355210,
                          355140, 353850, 315040, 315270, 353070, 351320, 354750, 316540,
                          355090, 355150, 350970, 350590, 313740, 312320, 315530, 316660,
                          311050, 315140, 351340, 310360, 314580, 313850, 315870, 310810,
                          353080, 312300, 314710, 313360, 354070
  Overlap with clusters.: 2
  Coordinates / radius..: (21.100000 S, 45.830000 W) / 188.96 km
  Gini Cluster..........: Yes
  Population............: 6063636
  Number of cases.......: 614
  Expected cases........: 364.18
  Annual cases / 100000.: 10.1
  Observed / expected...: 1.69
  Relative risk.........: 1.72
  Log likelihood ratio..: 73.497015
  P-value...............: < 0.00000000000000001

8.Location IDs included.: 220995, 220480, 220340, 220755, 220700, 220910, 221170, 220470,
                          220935, 220277, 221020, 220937, 220800, 220095, 220950, 220117,
                          220690, 221093, 220559, 220385, 221097, 221140, 220207, 220985,
                          220180, 220435, 221130, 221037, 220500, 220940, 220400, 220100,
                          220210, 220970, 220420, 221150, 220350, 220670, 221039, 220490,
                          220090, 220810, 220520, 220650, 220213, 220410, 221010, 220730,
                          221080, 220605, 220025, 220777, 221160, 220280, 220157, 220960,
                          220155, 220720, 221030, 220027, 220880, 221090, 220887, 221038,
                          220525, 220915, 220390, 210150, 220795, 220415, 220460, 220255,
                          211090, 220793, 220050, 220515, 220060, 220945, 220775, 221070,
                          220980, 220430, 220140, 220020, 220710, 220209, 220735, 220965,
                          220820, 220510, 220595, 221050, 220327, 220860, 220554, 220380,
                          220010, 231030, 220780, 220990, 220211, 221000, 231195, 220005,
                          220900, 230270, 260110, 220630, 220750, 220245, 221040, 220640,
                          220160, 220230, 220556, 220198, 231126, 220530, 220173, 220325,
                          220260, 220535, 220695, 220785, 220450, 220865, 220558, 220030,
                          211195, 210780, 261255, 220779, 221095, 220330, 220551, 230040,
                          230940, 260020, 261560, 220202, 230150, 231330, 220672, 230130,
                          231120, 260515, 210592, 211110, 260730, 220273, 230080, 210660,
                          220105, 220225, 220285, 220040, 230160, 220600, 261245, 231190,
                          260990, 221065, 210790, 220560, 220345, 221100, 211220, 260200,
                          220360, 231325, 230060, 220220, 230410, 231210, 210770, 210730,
                          230360, 220170, 220527, 230920, 210800, 230560, 260530, 221060,
                          210230, 220590, 221063, 220275, 220855, 220550
  Overlap with clusters.: No Overlap
  Coordinates / radius..: (6.940000 S, 41.880000 W) / 255.04 km
  Gini Cluster..........: Yes
  Population............: 3344831
  Number of cases.......: 342
  Expected cases........: 200.89
  Annual cases / 100000.: 10.2
  Observed / expected...: 1.70
  Relative risk.........: 1.72
  Log likelihood ratio..: 41.667609
  P-value...............: 0.00000000000015

9.Location IDs included.: 130390, 130006, 130370, 130423, 130406, 130060, 130020, 130230,
                          130100, 130210, 130220, 130160, 130195, 130140, 130280, 130380
  Overlap with clusters.: No Overlap
  Coordinates / radius..: (3.370000 S, 68.870000 W) / 412.25 km
  Gini Cluster..........: Yes
  Population............: 403255
  Number of cases.......: 75
  Expected cases........: 24.22
  Annual cases / 100000.: 18.6
  Observed / expected...: 3.10
  Relative risk.........: 3.11
  Log likelihood ratio..: 34.098452
  P-value...............: 0.00000000014

10.Location IDs included.: 241410, 250840, 251720, 240860, 251320, 240725, 240730, 251398,
                           240050, 240600, 240700, 251690, 241080, 241000, 250230, 241050,
                           240040, 251365, 250810, 251620, 251203, 240290, 241475, 250077,
                           251207, 240940, 250070, 250205, 250290, 240330, 240090, 250740,
                           240390, 241250, 250915, 240320, 241355, 251680, 251396, 240590,
                           250430, 230427, 240400, 250937, 240740, 251000, 251420, 251210,
                           241020, 241190, 231080, 240690, 251330, 240060, 251280, 241490,
                           231370, 241380, 250370, 251090, 241070, 250220, 230180, 250410,
                           241450, 250480, 241060, 230570, 250375, 250020, 251392, 240490,
                           240930, 230600, 250330, 250550, 230540, 241100, 250280, 240840,
                           250200, 230690, 250260, 250450, 251390, 241360, 251450, 230950,
                           251570, 240760, 251130, 251430, 250880, 250590, 231123, 241340,
                           240560, 230750, 250700, 250960, 251465, 251040, 250420, 230380,
                           240100, 240520, 241430, 250240, 230170, 230680, 240230, 230200,
                           251440, 251360, 230070, 250210, 250560, 251100, 251380, 240370,
                           241180, 241210, 230670, 251020, 231135, 240480, 240130, 250660,
                           251080, 240200, 230810
   Overlap with clusters.: No Overlap
   Coordinates / radius..: (6.460000 S, 38.180000 W) / 121.19 km
   Gini Cluster..........: Yes
   Population............: 1582186
   Number of cases.......: 172
   Expected cases........: 95.03
   Annual cases / 100000.: 10.9
   Observed / expected...: 1.81
   Relative risk.........: 1.82
   Log likelihood ratio..: 25.321654
   P-value...............: 0.00000038

11.Location IDs included.: 510617, 510020, 510270, 510310, 510625, 510718, 520250, 510260,
                           520380, 521400, 521483, 510385, 521405, 510628, 520215, 510706,
                           522020, 510100, 521295, 510185, 522157, 520640, 510631, 521925,
                           510788, 520357, 510779, 510180, 520170, 510390, 520753, 510665,
                           521370, 521970, 521220, 520495, 521470, 521385, 520945, 521100,
                           170200, 510630, 520340, 521890, 521690, 521520, 520710, 520310,
                           171884, 510820, 521200, 510035, 521525, 522028, 521487, 520929,
                           520980, 521015, 521090, 521120, 520055, 520235, 520760, 520082,
                           521720, 521486, 520500, 521410, 521030, 520540, 521860, 520890,
                           522170, 521280, 521020, 522015, 520393, 520960, 520470, 520570,
                           510785, 522160, 521390, 521800, 521900, 521935, 520750, 510719,
                           521870, 510810, 521960, 520090, 521060, 521340, 521565, 520725,
                           521160, 521040, 521945, 520810, 521056, 520085, 172097, 522010
   Overlap with clusters.: No Overlap
   Coordinates / radius..: (13.980000 S, 51.790000 W) / 320.69 km
   Gini Cluster..........: Yes
   Population............: 1012478
   Number of cases.......: 121
   Expected cases........: 60.81
   Annual cases / 100000.: 12.0
   Observed / expected...: 1.99
   Relative risk.........: 2.00
   Log likelihood ratio..: 23.209707
   P-value...............: 0.0000026

12.Location IDs included.: 313753, 313630, 317100, 313710, 312860, 315340, 314700, 317075,
                           314800, 316170, 311930, 313750, 310855, 312890, 520690, 310010,
                           312070, 311430, 312350, 314810, 312247, 520480, 310380, 316935,
                           316890
   Overlap with clusters.: 2
   Coordinates / radius..: (17.830000 S, 46.510000 W) / 142.36 km
   Gini Cluster..........: Yes
   Population............: 629445
   Number of cases.......: 86
   Expected cases........: 37.80
   Annual cases / 100000.: 13.7
   Observed / expected...: 2.27
   Relative risk.........: 2.28
   Log likelihood ratio..: 22.583562
   P-value...............: 0.0000045

13.Location IDs included.: 130115, 130260, 130185, 130356, 130255, 130110, 130030, 130250,
                           130310, 130080, 130353, 130320, 130190, 130083, 130008, 130400,
                           130440, 130063, 130200, 130010, 130330, 130395, 130290, 130430,
                           130068, 130130, 130050, 130270, 130340, 150300, 130300, 130120
   Overlap with clusters.: No Overlap
   Coordinates / radius..: (3.220000 S, 59.820000 W) / 380.38 km
   Gini Cluster..........: Yes
   Population............: 3253530
   Number of cases.......: 111
   Expected cases........: 195.41
   Annual cases / 100000.: 3.4
   Observed / expected...: 0.57
   Relative risk.........: 0.56
   Log likelihood ratio..: 21.919183
   P-value...............: 0.0000082

14.Location IDs included.: 292110, 293325, 291600, 291890, 291280, 317030, 316670, 310660,
                           314430, 293135, 291845, 313890, 315765, 311370, 320405, 314675,
                           312015, 314850, 310090, 291560, 320350, 320360, 320425, 312705,
                           315510, 316030, 291180, 312560, 314535, 292200, 292550, 292300,
                           290690, 290080, 291465, 320410, 315660, 313600, 310470, 314315,
                           315810, 320210, 320100, 291072, 313580, 314620, 313470, 311545,
                           310170, 314630, 320515, 320160, 316860, 314467, 312680, 320390,
                           320016, 315217, 313230, 320490, 315710, 291530, 311300, 292530,
                           313700, 313330, 313650, 320090, 310520, 313180, 320305, 313270,
                           315240, 316330, 291630, 314530, 313960, 292770, 316257, 314490,
                           320517, 315000, 313400, 314140, 320470, 311080, 320013, 314150,
                           316105, 314870, 320330, 291680, 311570, 292000, 314055, 312083,
                           312675, 320465, 292540, 312245, 291970, 320501, 313920, 310340,
                           312210, 320035, 311700, 316555, 313507, 310270, 316165, 312737,
                           320435, 320225, 315737, 320400, 291040, 313545, 312235, 310285,
                           292665, 290340, 292390, 312690, 317150, 310100, 292090, 311950,
                           320320, 312730, 316300, 320335, 312650, 290560, 316950, 290630,
                           314010, 317160, 290670, 312087, 292805, 291640, 310060, 311840,
                           291580, 315650, 310650, 315430, 320150, 314420, 312770, 311230,
                           313410, 311610, 315820, 290225, 317190, 310110, 291710, 320080,
                           314180, 310445, 315950, 291540, 310665, 291855, 311265, 310180,
                           315700, 313655, 313652, 311920, 313657, 316450, 293250, 313835,
                           313320, 320313, 316970, 320495, 317107, 290480, 291090, 314625,
                           320060, 292780, 316160, 292935, 320250, 316410, 316550, 316800,
                           310220, 316350, 314537, 320270, 314860, 312580, 290290, 314465,
                           312370, 312707, 290350, 291230, 312695, 316840, 313250, 311205,
                           315750, 320220, 316770, 320290, 293330, 291100, 290470, 292270,
                           312750, 320460, 291210, 312030, 291620, 314995, 315190, 291350,
                           311680, 320316, 293180, 290330, 313065, 311350, 312220, 312780,
                           314400, 312250, 316270, 316260, 316280, 316447, 292500, 310850,
                           320455, 314435, 316805, 314840, 290090, 316095, 320450, 291480,
                           320500, 317180, 313055, 310050, 312930, 315600, 317065, 290800,
                           310925, 313120, 313090, 291550, 310630, 291360, 320010, 292470,
                           315560, 292510, 290900, 317005, 290120, 320130, 310880, 311740,
                           313115, 316590, 314060, 314170, 293270, 312800, 313610, 320530,
                           312385, 320115, 320520, 291000, 315015, 313200, 312540, 316650,
                           290689, 317057, 291995, 316695, 315895, 290870, 316360, 311600,
                           290370, 315680, 290395, 291660, 320190, 320510, 311340, 313130,
                           315450, 292570, 312310, 320334, 316045, 313770, 312550, 315935,
                           320506, 314345, 290515, 320245, 291520, 316610, 292180, 311940,
                           316020, 315053, 291150, 315220, 320170, 310780, 315725, 315890,
                           312010, 292145, 290240, 293220, 290200, 316870, 312352, 314545,
                           312000, 314100, 290310, 291510, 320300, 316760, 292040, 293230,
                           316710, 312590, 312670, 313680, 311380, 320265, 290060, 291165,
                           291390, 314053, 310240, 317115, 320370, 312260, 320240, 291740,
                           314655, 320030, 313500, 315415, 291270, 311547, 312825, 291490,
                           312160, 314030, 313510, 314505, 313940, 320140, 291290, 312735,
                           291830, 314290, 320503, 292030, 310300, 316480, 314750, 313950,
                           311290, 315330, 316050, 310205, 312100, 315800, 310730, 320255,
                           315400, 320040, 292680, 290500, 312180, 290460, 311750, 320260,
                           315350, 316340, 291940, 292070, 293100, 312430, 320420, 313925,
                           293260, 311270, 314370, 312760, 291800, 311210, 316255, 320180,
                           314090, 314330, 316400, 313867, 290195, 320440, 312380, 320120,
                           315790, 314470, 313280, 320310, 311810, 290580, 316100, 312733,
                           292275, 320020, 313170, 310030, 312420, 291570, 320200, 314587,
                           320070, 310600, 315490, 320230, 291200, 316556, 320280, 311010,
                           290880, 291345, 291120, 292467, 317103, 316010, 313620, 291720,
                           320332, 312200, 291870, 315020, 292450, 314875, 320380, 293350,
                           316630, 311330, 315900, 315740, 315570, 313640, 291730, 320430,
                           312270, 310920, 317050, 311650, 291875, 310230, 314250, 293000,
                           312660, 312530, 315500, 293160, 291690, 320340, 291760
   Overlap with clusters.: 2
   Coordinates / radius..: (17.370000 S, 40.220000 W) / 427.56 km
   Gini Cluster..........: Yes
   Population............: 12285107
   Number of cases.......: 583
   Expected cases........: 737.84
   Annual cases / 100000.: 4.7
   Observed / expected...: 0.79
   Relative risk.........: 0.78
   Log likelihood ratio..: 18.536697
   P-value...............: 0.00017

15.Location IDs included.: 241440, 240895, 241255, 241040, 240880, 240750, 240950, 240260,
                           241390, 241010, 240580, 241160, 240360, 240160, 240185, 241200,
                           240460, 240810, 240710, 240510, 240550, 240933, 241090, 241270,
                           240325, 240960, 241260, 240190, 240170, 240410, 241110, 241480,
                           240450, 241310, 240780, 240150, 240640, 241220, 240670, 240820,
                           240660, 241030, 240630, 240530, 240970, 241290, 240180, 241370,
                           241320, 240120, 241400, 241420, 240030, 241350, 240920, 240615,
                           240420, 241150, 241230, 240350, 241470, 240680, 240720, 241120,
                           240375, 241500, 240620, 240270, 240080, 240165, 240220, 241330,
                           240910, 240140, 240990, 240980, 240210, 240830, 240790, 240070,
                           251640, 240770, 241170, 241025, 240650, 240540, 250360, 251274,
                           240250, 250100, 240280, 241140, 240470, 250855, 250730, 250570,
                           240500, 251272, 251010, 250510, 250930, 240485, 250820, 240020,
                           250350
   Overlap with clusters.: No Overlap
   Coordinates / radius..: (5.190000 S, 35.460000 W) / 165.21 km
   Gini Cluster..........: Yes
   Population............: 2619130
   Number of cases.......: 91
   Expected cases........: 157.30
   Annual cases / 100000.: 3.5
   Observed / expected...: 0.58
   Relative risk.........: 0.58
   Log likelihood ratio..: 16.675772
   P-value...............: 0.00092

16.Location IDs included.: 355380, 351260, 355300, 352180, 355420, 351540, 352280, 350500,
                           354350, 355120, 352170, 412290, 353880, 412400, 350310, 410470,
                           355460, 353580, 351140, 350450, 412540, 352860, 412660, 350630,
                           352240, 412180, 352320, 352090, 353380, 411280, 412630, 412070,
                           412850, 355385, 350800, 350055, 355720, 351925, 353282, 412780,
                           350945, 352350, 351015, 354640, 410900
   Overlap with clusters.: No Overlap
   Coordinates / radius..: (23.530000 S, 49.240000 W) / 81.54 km
   Gini Cluster..........: No
   Population............: 757970
   Number of cases.......: 82
   Expected cases........: 45.52
   Annual cases / 100000.: 10.8
   Observed / expected...: 1.80
   Relative risk.........: 1.81
   Log likelihood ratio..: 11.833511
   P-value...............: 0.076

17.Location IDs included.: 170460, 171370, 171610, 171750, 170710, 171845, 170610
   Overlap with clusters.: No Overlap
   Coordinates / radius..: (10.140000 S, 49.130000 W) / 51.54 km
   Gini Cluster..........: No
   Population............: 78459
   Number of cases.......: 16
   Expected cases........: 4.71
   Annual cases / 100000.: 20.4
   Observed / expected...: 3.40
   Relative risk.........: 3.40
   Log likelihood ratio..: 8.276243
   P-value...............: 0.822

Note: The coordinates file contains location IDs with identical coordinates that were combined
into one location. In the optional output files, combined locations are represented by a single
location ID as follows:
-----------------------------------------------------------------------------------------------
210180 : 221120
251120 : 260765
290240 : 293220
313510 : 314505
410260 : 420500
420390 : 421180
510180 : 520170
_______________________________________________________________________________________________

PARAMETER SETTINGS

Input
-----
  Case File        : C:\Users\pypas\PycharmProjects\TCC\SatScan\case_file.csv
  Population File  : C:\Users\pypas\PycharmProjects\TCC\SatScan\population2017.csv
  Time Precision   : None
  Start Time       : 2017/1/1
  End Time         : 2017/12/31
  Coordinates File : C:\Users\pypas\PycharmProjects\TCC\SatScan\coordinates.csv
  Coordinates      : Latitude/Longitude

Analysis
--------
  Type of Analysis    : Purely Spatial
  Probability Model   : Discrete Poisson
  Scan for Areas with : High or Low Rates

Output
------
  Main Results File : C:\Users\pypas\Desktop\Suicide-SAT.txt
  Google Earth File : C:\Users\pypas\Desktop\Suicide-SAT.kml
  Shapefile         : C:\Users\pypas\Desktop\Suicide-SAT.col.shp
  Cluster File      : C:\Users\pypas\Desktop\Suicide-SAT.col.dbf

Data Checking
-------------
  Temporal Data Check     : Check to ensure that all cases and controls are within the specified temporal study period.
  Geographical Data Check : Check to ensure that all observations (cases, controls and populations) are within the specified geographical area.

Spatial Neighbors
-----------------
  Use Non-Euclidian Neighbors file : No
  Use Meta Locations File          : No
  Multiple Coordinates Type        : Allow only one set of coordinates per location ID.

Spatial Window
--------------
  Maximum Spatial Cluster Size : 50 percent of population at risk
  Window Shape                 : Circular
  Isotonic Scan                : No

Cluster Restrictions
--------------------
  Minimum Cases in Cluster for High Rates : 2
  Restrict High Rate Clusters             : No
  Restrict Low Rate Clusters              : No

Space And Time Adjustments
--------------------------
  Adjust for known relative risks : No

Inference
---------
  P-Value Reporting                  : Default Combination
  Number of Replications             : 999
  Adjusting for More Likely Clusters : No

Border Analysis
---------------
  Report Oliveira's F : No

Spatial Output
--------------
  Automatically Launch Map                  : Yes
  Compress KML File into KMZ File           : No
  Include All Location IDs in the Clusters  : Yes
  Cluster Location Threshold - Separate KML : 1000
  Report Hierarchical Clusters              : Yes
  Criteria for Reporting Secondary Clusters : No Geographical Overlap
  Report Gini Optimized Cluster Collection  : Yes
  Gini Index Based Collection Reporting     : Optimal Only
  Report Gini Index Cluster Coefficents     : No
  Restrict Reporting to Smaller Clusters    : No

Other Output
------------
  Report Critical Values  : No
  Report Monte Carlo Rank : No

Run Options
-----------
  Processor Usage   : All Available Processors
  Suppress Warnings : No
  Logging Analysis  : No
_______________________________________________________________________________________________

Program completed  : Tue May 19 14:30:01 2020
Total Running Time : 35 seconds
Processor Usage    : 4 processors