1                   1                   1                   1812                950.32              1.91                2.12                19243704.00         
2                   1                   1                   1484                735.50              2.02                2.21                14893653.00         
3                   1                   1                   2496                3187.38             0.78                0.70                64543767.00         
4                   1                   1                   315                 603.45              0.52                0.51                12219782.00         
5                   1                   1                   799                 1162.89             0.69                0.66                23548254.00         
6                   1                   1                   373                 642.98              0.58                0.56                13020299.00         
7                   1                   1                   472                 743.31              0.63                0.62                15051941.00         
8                   1                   1                   439                 699.26              0.63                0.61                14159949.00         
9                   1                   1                   723                 493.46              1.47                1.50                9992374.00          
10                  1                   1                   293                 159.23              1.84                1.87                3224442.00          
11                  1                   1                   177                 303.15              0.58                0.58                6138634.00          
12                  1                   1                   226                 127.62              1.77                1.79                2584357.00          
13                  1                   1                   20                  2.20                9.08                9.10                44589.00            
14                  1                   1                   368                 258.51              1.42                1.44                5234790.00          
15                  1                   1                   364                 259.85              1.40                1.42                5261881.00          
16                  1                   1                   249                 165.09              1.51                1.52                3342996.00          
17                  1                   1                   22                  4.23                5.20                5.21                85670.00            
18                  1                   1                   88                  144.67              0.61                0.60                2929459.00          
19                  1                   1                   25                  8.34                3.00                3.00                168796.00           
20                  1                   1                   8                   28.25               0.28                0.28                572064.00           
21                  1                   1                   131                 89.11               1.47                1.48                1804506.00          
22                  1                   1                   7                   0.93                7.53                7.53                18829.00            
23                  1                   1                   0                   7.43                0                   0                   150493.00           
24                  1                   1                   17                  37.64               0.45                0.45                762240.00           
