8.551182            
10.137217           
11.794795           
13.146116           
9.801907            
10.172116           
8.768079            
7.728197            
7.776806            
12.588832           
12.379223           
9.986070            
11.936194           
8.409574            
8.057345            
10.649090           
9.792132            
10.432088           
10.972071           
8.440915            
9.295486            
10.383908           
13.401323           
8.226245            
9.127726            
8.210680            
7.983910            
9.048041            
12.564166           
8.536601            
9.576970            
8.503065            
8.560393            
8.340670            
9.169503            
13.241547           
9.300147            
9.870206            
8.864885            
10.127033           
9.394048            
10.831332           
11.338235           
12.403358           
10.358057           
9.830995            
11.722270           
12.992182           
9.652566            
8.936186            
8.399143            
10.502751           
11.803358           
9.801669            
13.397579           
8.565390            
9.492483            
10.801987           
9.839268            
9.396228            
8.056869            
8.324961            
7.856568            
8.612226            
10.559266           
7.446251            
7.487500            
8.316663            
7.810258            
11.524613           
10.463574           
8.502337            
8.936828            
9.371329            
8.844522            
8.243503            
10.694811           
7.887765            
12.255526           
8.249056            
10.282969           
8.449213            
9.494361            
8.409882            
15.070698           
9.299751            
12.359184           
7.793470            
9.131550            
10.522483           
8.701266            
10.412490           
8.979990            
8.932775            
9.027716            
9.627006            
9.297884            
8.331962            
8.067510            
9.568319            
7.977214            
7.990230            
9.257081            
8.294651            
9.122885            
10.175840           
9.033888            
7.760763            
9.158978            
9.751670            
8.858284            
7.897020            
8.554719            
8.960129            
8.638979            
8.595272            
8.952302            
12.369036           
10.498922           
9.592716            
11.216324           
12.264988           
9.400161            
11.768293           
9.835999            
9.426150            
9.740646            
10.047581           
11.784232           
9.976162            
11.195168           
12.121978           
9.715457            
10.846681           
9.672164            
11.879446           
8.089140            
10.932160           
10.143199           
7.962018            
8.635774            
9.363123            
11.925360           
11.925834           
8.999474            
9.673765            
7.795260            
10.228071           
8.196363            
8.794843            
19.091788           
9.718450            
8.917356            
10.502331           
8.482549            
8.497880            
9.301278            
9.624947            
13.832721           
9.121218            
9.772331            
10.344696           
8.878140            
11.322884           
10.218754           
10.937528           
10.101137           
8.511088            
8.263380            
10.492664           
9.051118            
9.259899            
12.074484           
8.726871            
8.275773            
8.716340            
8.342903            
9.216904            
12.169520           
10.687038           
7.809494            
8.859753            
10.445088           
9.249973            
8.675495            
10.056499           
10.312322           
11.514066           
7.645418            
9.003865            
11.673876           
9.297833            
8.461731            
8.646062            
7.844243            
14.932665           
11.023294           
9.754290            
9.924049            
7.808052            
10.152158           
9.131671            
8.799813            
9.677361            
10.465243           
9.780283            
9.931125            
10.253749           
8.667083            
8.484116            
7.924856            
12.540572           
8.228482            
9.110595            
13.544623           
8.611880            
10.422675           
10.877210           
10.210324           
7.336898            
9.899233            
10.135252           
9.180416            
8.526117            
8.006253            
10.156942           
10.162726           
11.670764           
9.516529            
8.714312            
9.988238            
8.478938            
9.982256            
8.532252            
8.241294            
9.418377            
8.284531            
8.652758            
8.765019            
12.411439           
10.633003           
8.175339            
10.021169           
8.669770            
8.607333            
8.201652            
9.257354            
8.312585            
10.516158           
7.843349            
9.266691            
9.421119            
8.358095            
10.553380           
8.495853            
8.696497            
10.674862           
12.225334           
7.885758            
7.239738            
8.856537            
9.439861            
7.473560            
8.179595            
8.367617            
9.859240            
8.518631            
7.609546            
11.731795           
9.597450            
8.952268            
10.317815           
10.842305           
7.510638            
9.878726            
9.515099            
10.917252           
7.837416            
9.308920            
8.565925            
8.686791            
10.099002           
7.443469            
8.202057            
10.120737           
11.252884           
9.177260            
10.092761           
10.293158           
9.684544            
9.568092            
8.650425            
7.801231            
8.534106            
10.016857           
9.409533            
7.112243            
7.965277            
9.129281            
7.371556            
8.757354            
9.909416            
13.777065           
8.431776            
10.661854           
9.489979            
9.397634            
8.576952            
8.070457            
11.515944           
8.388615            
10.783013           
7.991288            
9.106107            
8.971254            
7.883835            
7.752205            
10.729631           
10.122829           
7.881419            
8.866383            
11.029696           
10.991082           
9.108011            
8.645387            
8.967968            
9.120970            
7.630722            
12.158566           
12.199930           
9.394711            
11.238580           
10.335027           
12.215902           
8.108169            
10.825514           
8.039044            
8.949559            
9.793830            
8.028154            
10.368073           
9.663570            
9.651247            
9.406838            
8.282790            
7.652233            
8.824935            
14.436062           
8.635656            
10.054594           
9.114771            
9.893907            
8.512777            
8.969600            
8.761254            
8.094094            
8.199558            
10.876663           
9.182214            
10.084329           
8.495243            
10.371901           
8.029229            
13.534196           
8.470071            
8.659665            
8.261864            
10.669485           
7.664830            
9.999142            
10.103077           
9.838684            
8.080118            
9.699604            
8.919145            
8.027460            
9.145580            
9.807309            
9.962954            
8.860459            
9.356450            
8.938654            
8.997305            
10.205490           
8.016769            
8.288574            
8.897566            
8.439871            
8.462770            
8.115935            
10.160243           
7.469280            
8.484178            
10.457191           
9.424385            
12.190399           
8.316720            
8.709587            
7.755792            
11.558622           
9.680631            
8.148547            
11.822273           
8.196110            
8.978818            
10.810021           
8.983045            
9.400198            
7.580600            
9.146205            
10.791864           
10.960278           
9.378403            
7.748372            
9.538144            
8.148908            
9.109923            
9.977892            
10.041486           
8.244437            
8.494125            
12.715484           
11.996072           
8.893418            
9.075900            
11.651378           
8.873049            
9.667046            
8.369067            
9.579936            
10.895255           
13.729008           
11.341487           
8.509366            
8.555186            
9.805700            
9.839119            
8.757180            
10.149475           
9.947162            
8.462266            
10.615611           
7.303650            
8.881479            
10.349741           
8.678228            
11.560253           
7.807517            
11.509253           
12.403111           
10.012833           
9.799660            
9.638292            
8.311234            
9.344374            
11.718576           
11.379983           
8.051047            
7.999503            
11.200363           
7.593559            
9.357192            
11.673006           
9.820433            
9.951523            
8.294819            
8.406697            
8.620234            
9.502573            
8.221046            
7.265398            
8.103240            
10.375907           
8.597101            
10.577749           
11.246190           
7.541754            
9.855295            
10.789533           
10.570537           
7.812817            
11.405121           
9.159548            
11.300947           
8.925074            
8.594650            
9.278575            
10.647225           
8.368893            
9.476478            
7.619755            
10.179600           
9.695216            
8.735223            
9.144150            
14.900750           
8.086677            
9.326398            
6.874533            
10.135486           
10.490848           
10.785891           
8.258721            
12.421359           
10.256807           
7.453833            
8.465376            
7.426930            
11.716837           
9.711495            
8.980970            
9.551113            
9.716635            
7.764864            
11.985125           
8.450136            
12.322070           
12.527713           
8.273252            
10.673926           
9.224518            
10.602752           
9.545284            
9.170977            
10.202119           
9.912504            
7.957125            
8.587109            
10.312174           
7.927717            
9.133254            
10.867138           
13.666181           
9.927028            
10.257106           
9.892738            
10.047984           
11.658350           
8.557538            
9.855582            
8.598820            
8.712420            
9.426348            
10.048108           
8.882056            
9.643904            
8.989620            
9.173009            
9.259669            
9.669510            
12.285469           
8.364501            
7.041423            
10.162254           
8.160595            
8.908383            
9.028134            
8.938707            
9.986954            
10.338170           
7.822817            
10.547990           
8.324834            
9.947136            
9.329854            
9.457971            
8.979343            
10.916884           
9.472700            
8.861110            
11.053776           
9.318338            
9.729500            
9.483817            
8.887752            
9.623986            
8.602192            
8.085611            
8.361670            
8.273095            
11.199566           
8.849782            
9.905635            
8.123121            
9.352341            
11.791010           
9.906160            
9.367889            
9.505065            
11.124131           
11.680016           
10.500890           
9.744963            
8.970591            
9.798693            
10.543343           
8.665058            
11.848969           
8.532324            
10.987598           
11.231566           
10.356823           
10.524614           
7.310817            
9.466864            
10.996563           
8.328160            
10.041706           
9.223132            
12.288381           
9.071265            
11.433852           
11.381861           
11.683191           
9.044888            
9.856403            
9.466497            
8.225821            
8.367559            
8.760779            
8.489239            
9.478642            
9.837984            
8.332062            
9.099978            
8.851281            
8.047079            
9.554107            
9.395863            
12.518036           
10.533677           
9.037423            
7.521899            
8.214599            
11.264302           
7.882507            
10.832136           
9.956444            
7.662112            
11.256228           
9.038531            
9.801549            
10.300655           
9.949986            
9.880834            
9.627911            
12.574968           
9.672238            
10.584420           
9.377162            
10.098259           
9.256528            
10.093723           
8.323236            
8.981111            
8.947193            
7.703415            
8.550744            
11.226887           
8.271740            
8.527111            
8.988236            
8.887157            
11.088434           
9.710209            
9.394352            
8.054245            
9.209080            
8.391877            
7.910963            
8.631212            
9.253378            
9.743597            
9.242461            
10.943603           
9.976192            
7.958509            
8.806106            
8.181122            
8.437647            
8.736889            
9.138257            
8.520853            
10.173227           
10.532155           
7.568455            
8.024360            
8.172089            
9.320705            
8.222788            
7.890254            
8.971874            
9.673175            
9.278241            
8.763430            
13.914851           
13.884461           
8.854473            
8.108169            
9.442120            
9.263377            
9.776708            
9.324813            
7.632159            
8.577767            
9.693870            
8.458842            
8.292335            
9.909748            
8.164990            
10.216336           
11.987584           
8.363940            
10.366456           
9.627352            
11.210483           
8.833631            
8.104496            
10.919755           
8.865998            
8.927133            
9.617116            
7.692853            
9.493394            
9.162662            
10.172104           
7.103161            
10.292833           
9.123209            
11.483714           
8.181929            
8.239205            
8.422917            
8.781841            
7.001947            
10.014583           
12.083878           
9.907458            
7.905140            
8.639909            
9.879271            
8.212087            
8.476692            
9.409046            
10.190630           
7.530938            
10.386516           
12.456126           
19.214391           
14.169748           
8.685021            
7.269384            
12.543770           
8.037336            
7.447858            
10.822589           
7.582596            
8.989793            
10.925354           
7.901984            
9.180429            
9.835999            
9.740570            
12.410306           
8.433893            
8.011736            
7.754966            
10.994922           
8.096702            
8.339682            
7.361092            
8.683856            
9.781797            
8.187678            
9.104857            
8.345550            
7.519631            
8.776775            
10.152126           
9.286006            
10.165658           
10.453185           
9.605493            
8.620163            
8.706685            
11.122294           
14.539299           
9.052150            
10.203062           
10.054401           
9.509152            
8.666138            
9.765337            
8.010884            
12.707069           
10.938298           
11.070001           
11.734050           
8.612869            
14.729588           
8.552487            
8.094602            
8.292423            
8.527549            
7.790194            
10.078166           
12.084137           
10.111411           
10.099212           
8.512048            
9.827283            
9.937393            
11.497907           
7.775299            
11.203253           
8.360120            
7.816759            
8.204324            
8.311183            
9.902063            
13.219020           
10.022863           
9.114585            
10.421728           
11.415766           
9.652913            
8.777121            
10.049863           
10.313011           
10.399085           
11.165501           
9.558605            
8.122633            
8.703488            
9.994794            
10.277419           
10.673795           
12.723180           
8.618281            
7.939927            
7.613430            
7.528183            
10.190630           
9.466512            
7.936045            
8.301673            
9.443509            
8.943949            
8.878880            
12.894018           
8.241341            
12.166752           
11.073825           
8.159148            
10.467485           
8.945113            
9.393909            
10.049720           
10.754424           
11.565178           
8.109645            
7.831417            
8.985675            
8.479512            
9.102600            
9.106948            
8.353210            
8.780136            
13.645434           
8.333625            
8.163595            
8.834367            
10.035386           
9.645284            
7.885737            
8.878041            
10.385589           
9.708038            
11.124168           
8.633233            
9.051804            
9.955774            
9.543845            
9.588246            
8.860277            
13.497497           
10.356241           
8.403245            
10.171773           
10.535783           
8.317134            
9.085850            
8.777299            
11.729509           
8.599325            
8.977054            
9.333401            
8.804804            
9.226844            
10.207592           
8.787452            
11.577360           
11.611477           
9.412181            
9.516802            
10.810021           
8.941425            
9.814081            
8.458308            
10.638441           
9.082563            
9.656905            
8.153765            
9.431153            
7.898759            
8.030583            
11.496566           
9.595157            
8.708118            
10.086422           
9.142194            
8.594185            
9.159393            
7.596298            
10.829858           
10.219260           
8.889900            
8.290037            
10.487625           
11.572614           
9.365051            
8.649642            
7.949556            
9.408767            
6.979006            
7.917086            
9.101234            
10.350400           
10.032634           
8.698816            
9.149441            
10.022459           
8.133320            
6.980498            
9.588471            
8.369148            
10.743726           
8.527111            
9.043944            
9.167056            
11.804215           
9.290211            
7.602773            
10.077360           
11.821928           
12.809239           
9.198253            
9.941797            
8.813897            
11.164655           
11.086585           
10.772319           
9.505697            
8.460803            
10.083409           
8.067205            
9.511570            
9.890875            
8.283940            
10.764289           
11.851299           
10.165791           
13.102904           
9.708762            
9.098347            
7.962309            
8.607333            
10.712997           
8.734989            
7.770770            
8.386094            
7.739341            
9.990664            
11.175422           
8.676385            
8.230213            
9.140503            
7.218085            
11.844655           
12.225691           
9.185564            
10.083775           
9.547957            
11.907429           
8.046208            
8.158791            
8.458065            
8.093031            
9.333335            
