1                   431060                          -29.120000          -56.550000          782.64              2010/1/1          2010/12/31        1029                353.170916          1e-017              1812                950.32              1.91                2.12                19243704.00         F 
2                   431410                          -28.260000          -52.400000          370.82              2010/1/1          2010/12/31        825                 326.419673          1e-017              1484                735.50              2.02                2.21                14893653.00         T 
3                   220570                          -2.870000           -41.660000          1562.46             2010/1/1          2010/12/31        2233                118.092499          1e-017              2496                3187.38             0.78                0.70                64543767.00         F 
4                   160023                          0.850000            -51.180000          896.02              2010/1/1          2010/12/31        287                 88.341251           1e-017              315                 603.45              0.52                0.51                12219782.00         T 
5                   330380                          -23.210000          -44.710000          197.65              2010/1/1          2010/12/31        207                 71.926930           1e-017              799                 1162.89             0.69                0.66                23548254.00         F 
6                   330455                          -22.900000          -43.200000          88.11               2010/1/1          2010/12/31        37                  70.981277           1e-017              373                 642.98              0.58                0.56                13020299.00         T 
7                   291220                          -13.410000          -41.280000          456.98              2010/1/1          2010/12/31        499                 61.158860           1e-017              472                 743.31              0.63                0.62                15051941.00         T 
8                   260960                          -8.000000           -34.850000          271.58              2010/1/1          2010/12/31        391                 59.742969           1e-017              439                 699.26              0.63                0.61                14159949.00         T 
9                   312120                          -20.340000          -46.850000          247.45              2010/1/1          2010/12/31        351                 49.601661           3.33067e-016        723                 493.46              1.47                1.50                9992374.00          T 
10                  310510                          -20.000000          -45.970000          170.92              2010/1/1          2010/12/31        148                 45.876122           0.00000000000000955 293                 159.23              1.84                1.87                3224442.00          F 
11                  351830                          -23.410000          -46.030000          62.31               2010/1/1          2010/12/31        34                  31.777207           0.00000000212       177                 303.15              0.58                0.58                6138634.00          T 
12                  231126                          -5.840000           -40.700000          210.85              2010/1/1          2010/12/31        144                 31.293611           0.00000000323       226                 127.62              1.77                1.79                2584357.00          T 
13                  130380                          -0.120000           -67.080000          196.60              2010/1/1          2010/12/31        2                   26.346562           0.000000242         20                  2.20                9.08                9.10                44589.00            T 
14                  353940                          -22.410000          -49.130000          166.43              2010/1/1          2010/12/31        225                 21.125221           0.0000231           368                 258.51              1.42                1.44                5234790.00          F 
15                  500750                          -19.950000          -54.890000          478.31              2010/1/1          2010/12/31        300                 19.130869           0.000132            364                 259.85              1.40                1.42                5261881.00          T 
16                  353880                          -23.190000          -49.380000          151.46              2010/1/1          2010/12/31        166                 18.802184           0.000176            249                 165.09              1.51                1.52                3342996.00          T 
17                  130406                          -4.250000           -69.930000          18.21               2010/1/1          2010/12/31        2                   18.518485           0.000225            22                  4.23                5.20                5.21                85670.00            T 
18                  352730                          -23.080000          -46.950000          37.64               2010/1/1          2010/12/31        19                  13.094850           0.0260              88                  144.67              0.61                0.60                2929459.00          T 
19                  312160                          -18.240000          -43.590000          72.43               2010/1/1          2010/12/31        20                  10.808682           0.172               25                  8.34                3.00                3.00                168796.00           F 
20                  130270                          -5.800000           -61.290000          329.72              2010/1/1          2010/12/31        18                  10.178875           0.266               8                   28.25               0.28                0.28                572064.00           F 
21                  510631                          -12.280000          -50.960000          424.57              2010/1/1          2010/12/31        151                 8.680732            0.683               131                 89.11               1.47                1.48                1804506.00          F 
22                  310205                          -20.430000          -41.860000          10.83               2010/1/1          2010/12/31        3                   8.062385            0.881               7                   0.93                7.53                7.53                18829.00            F 
23                  314420                          -18.450000          -42.240000          53.88               2010/1/1          2010/12/31        21                  7.434767            0.983               0                   7.43                0                   0                   150493.00           F 
24                  220585                          -3.480000           -42.500000          101.30              2010/1/1          2010/12/31        37                  7.151210            0.993               17                  37.64               0.45                0.45                762240.00           F 
