1                   1                   1                   1796                989.33              1.82                2.00                19371691.00         
2                   1                   1                   1492                785.88              1.90                2.06                15387987.00         
3                   1                   1                   2830                3611.55             0.78                0.70                70716237.00         
4                   1                   1                   365                 743.78              0.49                0.47                14563640.00         
5                   1                   1                   156                 369.51              0.42                0.41                7235181.00          
6                   1                   1                   242                 490.48              0.49                0.48                9603931.00          
7                   1                   1                   356                 184.08              1.93                1.97                3604335.00          
8                   1                   1                   472                 736.25              0.64                0.62                14416256.00         
9                   1                   1                   939                 706.47              1.33                1.36                13833113.00         
10                  1                   1                   18                  1.97                9.15                9.17                38507.00            
11                  1                   1                   874                 696.53              1.25                1.28                13638543.00         
12                  1                   1                   134                 224.07              0.60                0.59                4387499.00          
13                  1                   1                   30                  7.40                4.06                4.07                144806.00           
14                  1                   1                   58                  112.37              0.52                0.51                2200180.00          
15                  1                   1                   81                  40.59               2.00                2.00                794844.00           
16                  1                   1                   3                   24.81               0.12                0.12                485811.00           
17                  1                   1                   123                 71.98               1.71                1.72                1409388.00          
18                  1                   1                   70                  35.14               1.99                2.00                688056.00           
19                  1                   1                   24                  6.95                3.45                3.46                136069.00           
20                  1                   1                   6                   26.81               0.22                0.22                524996.00           
21                  1                   1                   85                  50.14               1.70                1.70                981806.00           
22                  1                   1                   0                   9.36                0                   0                   183259.00           
23                  1                   1                   32                  13.65               2.34                2.35                267307.00           
24                  1                   1                   1                   12.11               0.083               0.082               237200.00           
25                  1                   1                   70                  41.05               1.71                1.71                803852.00           
26                  1                   1                   4                   18.21               0.22                0.22                356494.00           
27                  1                   1                   11                  2.51                4.38                4.39                49122.00            
28                  1                   1                   1                   11.10               0.090               0.090               217247.00           
29                  1                   1                   63                  98.26               0.64                0.64                1923945.00          
