8.364176            
10.656268           
9.000146            
8.094996            
9.780784            
10.784204           
7.544573            
8.363043            
12.249079           
9.908178            
11.014348           
11.057322           
8.950436            
8.717610            
10.240230           
6.814549            
9.252186            
11.379023           
9.163870            
9.544870            
9.871324            
9.710255            
10.705189           
7.835774            
9.745574            
8.051391            
13.440754           
9.787628            
8.404311            
10.609399           
8.801826            
9.221806            
12.298947           
14.670221           
9.909924            
12.642735           
7.468667            
10.145365           
8.826214            
9.506318            
9.493168            
10.891662           
9.447237            
8.349146            
11.244194           
9.126836            
11.050235           
10.357939           
10.226225           
8.675633            
10.076364           
7.713163            
8.722541            
9.899325            
12.419087           
8.521223            
10.961829           
9.285816            
10.729621           
10.005525           
9.143815            
8.398008            
9.241519            
11.722832           
7.785178            
8.282307            
8.349346            
8.327059            
9.784658            
11.525586           
8.174205            
9.868388            
11.007916           
10.445746           
12.685537           
7.302800            
8.772887            
12.668920           
8.147067            
8.324450            
10.076547           
10.034807           
9.900551            
7.408920            
10.753035           
7.767322            
8.315612            
10.197431           
9.162115            
8.348622            
11.618105           
9.185378            
13.431040           
9.385711            
8.029850            
8.555475            
8.920986            
8.174678            
10.108102           
9.809350            
10.571302           
10.148317           
8.400545            
9.560875            
10.205758           
9.646908            
7.753898            
9.269496            
8.296306            
9.885667            
11.712727           
9.129911            
8.195894            
8.327588            
9.315911            
8.455770            
11.896503           
9.410022            
8.312898            
9.095949            
8.377852            
7.141790            
8.541044            
10.675495           
9.094117            
10.156865           
8.754035            
10.415153           
8.114578            
7.919296            
7.604763            
8.476851            
7.411795            
10.544043           
8.239347            
10.207548           
7.184267            
10.656256           
8.258686            
8.952689            
12.322205           
8.311352            
9.683131            
8.110304            
9.291293            
12.492650           
9.435261            
9.578761            
13.452993           
9.456234            
13.585443           
9.349507            
8.832823            
11.264088           
8.228120            
8.001852            
10.527664           
8.891981            
9.303306            
9.469763            
7.678640            
8.883342            
8.709441            
11.189341           
7.376960            
9.817484            
10.293088           
8.221193            
7.062490            
7.710328            
11.199511           
11.436629           
8.449675            
11.225407           
7.559783            
9.148815            
9.390664            
9.483867            
7.684890            
10.291296           
9.828010            
10.334394           
8.882714            
8.557350            
7.451444            
8.520056            
9.322178            
11.631842           
8.476168            
8.609444            
10.292267           
9.510291            
8.850022            
8.706895            
9.893378            
10.151823           
9.872090            
8.822309            
11.800392           
9.722903            
12.902041           
10.215578           
8.775104            
8.587252            
9.898916            
9.932894            
12.302724           
10.174675           
9.723363            
9.023994            
11.585290           
9.585042            
7.397643            
9.405460            
8.657381            
9.994723            
7.888884            
7.914491            
15.172847           
10.291394           
8.417008            
10.129859           
8.336902            
8.550807            
9.062333            
10.126493           
8.465738            
9.083759            
12.018607           
10.121035           
8.210247            
10.030233           
9.925960            
9.876473            
8.319285            
9.680025            
9.569233            
9.552772            
8.956482            
10.627163           
9.211325            
7.940286            
11.018607           
9.504514            
9.181738            
9.230804            
10.264449           
9.301220            
11.339322           
7.831759            
8.755066            
8.304722            
12.728185           
9.209656            
8.918947            
10.695553           
9.601899            
8.431658            
9.828367            
9.227037            
8.468767            
8.617807            
8.588837            
9.899211            
7.851162            
10.432525           
11.413405           
9.973811            
9.115879            
9.724178            
8.041966            
9.430748            
8.420426            
10.286388           
12.185056           
8.760914            
9.308399            
9.902380            
9.217407            
10.066088           
11.083393           
9.463938            
10.443846           
7.663994            
9.219829            
10.207854           
12.141404           
7.291739            
9.569846            
9.739543            
10.878607           
8.529724            
9.671089            
8.762146            
9.351326            
10.307680           
8.867755            
11.004542           
13.577186           
10.336607           
8.955838            
10.091559           
9.749425            
9.614459            
9.573799            
11.726152           
7.795655            
10.945036           
10.468664           
8.570945            
9.487676            
9.249878            
11.794884           
8.723615            
8.668487            
10.010150           
9.903588            
11.311122           
8.973570            
10.122626           
10.961560           
8.840156            
12.694593           
8.589791            
8.585272            
11.860530           
11.749519           
9.687783            
9.546410            
9.178068            
7.290082            
10.371616           
8.960880            
8.303974            
9.035224            
10.695089           
10.709643           
10.294288           
10.010691           
10.152408           
9.162052            
8.726306            
6.918775            
8.106196            
9.692597            
12.068693           
11.187556           
8.029877            
12.950255           
9.184761            
9.178068            
8.380185            
8.785021            
12.241311           
7.804294            
9.547820            
9.077247            
10.127322           
9.297734            
10.304663           
10.109553           
10.683913           
8.816726            
9.998316            
10.672225           
9.151120            
7.951268            
10.059862           
8.746734            
7.626032            
9.265860            
11.606630           
8.322369            
9.043673            
8.582243            
8.657485            
9.263481            
8.905044            
8.707550            
7.857604            
11.037873           
10.856519           
8.889166            
8.519104            
9.230584            
8.545729            
8.899139            
8.514004            
9.554425            
9.010124            
7.731337            
11.333773           
13.627830           
11.593005           
9.236200            
8.570202            
7.937068            
9.541198            
9.833222            
9.991522            
8.860536            
11.034667           
12.584653           
9.135399            
8.073798            
9.745294            
7.884718            
8.066311            
10.748556           
8.949504            
9.349876            
10.735475           
9.303176            
9.323411            
7.699717            
8.087738            
8.412343            
7.213778            
9.833275            
9.737492            
10.609248           
8.939293            
11.187152           
8.076356            
14.643324           
12.004217           
8.729815            
9.497442            
10.111513           
8.475514            
11.670418           
7.988177            
8.440148            
8.951559            
8.592356            
8.590756            
8.610965            
10.023698           
7.989524            
10.139354           
7.757572            
10.289617           
11.585540           
7.967010            
10.062458           
12.325028           
11.613091           
10.497904           
9.728980            
10.469306           
8.473185            
9.726477            
8.217258            
8.035148            
9.724557            
9.517444            
12.504979           
10.306844           
9.711534            
9.876662            
10.823350           
10.768945           
8.525672            
8.724905            
8.153267            
15.323581           
10.365781           
8.240114            
9.709082            
10.759420           
10.902152           
10.226617           
12.537205           
10.310767           
8.204813            
10.971066           
9.792613            
9.643000            
9.600647            
9.862665            
9.889473            
7.144547            
8.833565            
8.101280            
8.170421            
8.847830            
10.389706           
9.428640            
11.592327           
8.859164            
9.913428            
9.722558            
8.997720            
8.348165            
12.661478           
9.410684            
7.310627            
10.975491           
7.886226            
8.821295            
11.448765           
10.324418           
8.334627            
11.399550           
7.924356            
8.848733            
8.907315            
11.072443           
9.054985            
9.455848            
11.426916           
8.447537            
8.622471            
8.471093            
8.193301            
8.863660            
11.683482           
9.837027            
11.626714           
8.114941            
10.281626           
7.779755            
8.194442            
10.387281           
8.846162            
9.450886            
10.559194           
7.637760            
9.485868            
9.129555            
9.588753            
11.201855           
8.586949            
8.834093            
9.287912            
10.157906           
10.483783           
10.674015           
7.531362            
13.854747           
9.189907            
10.207884           
7.190530            
9.390232            
7.947300            
9.590876            
7.538774            
7.847260            
8.521058            
9.668481            
8.566202            
12.124362           
7.365642            
9.029091            
9.414376            
7.217625            
10.295392           
9.927924            
8.961042            
9.672252            
8.106006            
9.287679            
9.107792            
11.114037           
12.927805           
12.101783           
10.997328           
9.817478            
7.231607            
9.121010            
9.444951            
8.478065            
8.975141            
9.491706            
9.177450            
13.365141           
11.763018           
9.624035            
9.239190            
8.372248            
9.622501            
9.172162            
11.433780           
8.476664            
10.636944           
11.032885           
10.664607           
9.171281            
8.136645            
11.250579           
10.005909           
11.718864           
9.629195            
9.679876            
13.309531           
9.081437            
8.881673            
9.708742            
11.107186           
11.052383           
8.659451            
8.729815            
7.710051            
8.944624            
10.028408           
9.160363            
6.907921            
10.261149           
10.889794           
7.755557            
6.985437            
13.264450           
9.768095            
8.677889            
8.185876            
11.268035           
10.445491           
7.934479            
7.757276            
9.672028            
9.860779            
7.784370            
11.355746           
12.620802           
15.587166           
8.320031            
8.858726            
8.680879            
8.672869            
9.604120            
9.889050            
8.965698            
8.326915            
9.025453            
8.312305            
8.728668            
9.449931            
9.156603            
10.130146           
9.559546            
11.705459           
10.034335           
10.279524           
9.333607            
10.393436           
8.012777            
8.095553            
8.691685            
11.859477           
10.321043           
11.188340           
8.158184            
10.734170           
8.718713            
10.487916           
12.962245           
8.398378            
10.005430           
9.609321            
9.534011            
7.983231            
8.001443            
10.294777           
13.023887           
9.029972            
11.361987           
8.383949            
10.968510           
8.965984            
8.962193            
9.327537            
9.395315            
10.705209           
10.983693           
11.255007           
8.586435            
7.794976            
10.707867           
8.422548            
7.829661            
9.319716            
9.509456            
9.743778            
8.887651            
9.663210            
8.424507            
10.442692           
10.203202           
9.209793            
11.099266           
8.587798            
7.979946            
10.674264           
12.146670           
10.843015           
7.756403            
10.415149           
9.008301            
8.148464            
11.757472           
10.688694           
9.797022            
8.628475            
8.696152            
8.855491            
9.246401            
8.382144            
8.854501            
10.168540           
9.557831            
8.616181            
12.020338           
10.219680           
9.333265            
8.908264            
8.622676            
9.573021            
9.733930            
8.656166            
8.624763            
10.540500           
8.167960            
9.999076            
8.735619            
8.202216            
9.491888            
9.575634            
11.567869           
10.730283           
9.429577            
8.278314            
9.678190            
12.738362           
10.471608           
10.800715           
7.783936            
9.109640            
8.673963            
8.443107            
9.747314            
10.515975           
7.725264            
8.979351            
8.564448            
11.763467           
8.851888            
10.866997           
8.052802            
8.908843            
12.793743           
8.987317            
10.242551           
11.203065           
9.569846            
9.882301            
11.419842           
7.199203            
9.513395            
9.328150            
9.128122            
9.056609            
9.208558            
9.005456            
10.334879           
9.081077            
10.131041           
9.726073            
13.223768           
9.795150            
8.302048            
8.382690            
9.095151            
10.331030           
8.852997            
9.774843            
9.446148            
8.444126            
7.843825            
8.942250            
8.740430            
8.585256            
8.417712            
11.413623           
11.113225           
9.622408            
7.292022            
7.709989            
8.623147            
9.987972            
10.750193           
7.943042            
8.909574            
11.309169           
9.178140            
11.657906           
9.817836            
9.143277            
9.227854            
12.199645           
7.335809            
10.110463           
12.519671           
8.035356            
11.556471           
8.942092            
11.450759           
8.747462            
8.065001            
9.002163            
8.112804            
7.734522            
11.802923           
9.581803            
7.696909            
7.085797            
8.064714            
13.070751           
12.373532           
9.857260            
10.039049           
8.639432            
10.998874           
7.422591            
8.770843            
11.271243           
8.372978            
8.475791            
11.422382           
11.095282           
8.972467            
9.827319            
8.032612            
10.597901           
12.466879           
11.237876           
12.893819           
10.962086           
12.002971           
10.047162           
9.878672            
9.955676            
9.983482            
9.830454            
7.809860            
8.745559            
8.715564            
8.051581            
9.321554            
10.322385           
8.202838            
10.623474           
9.865803            
8.435778            
9.091909            
9.502152            
9.011594            
8.668985            
7.791316            
9.488058            
9.386761            
8.090950            
9.031423            
7.884033            
8.244537            
7.032490            
10.122220           
10.531407           
10.285902           
10.193868           
10.339822           
10.375179           
8.007192            
10.759754           
9.189208            
8.995214            
8.580060            
7.256682            
14.773905           
8.982472            
10.635537           
8.889931            
9.966372            
8.967436            
9.126277            
7.637782            
10.235972           
7.990751            
8.133608            
10.675089           
9.780250            
8.272156            
10.117978           
9.160549            
8.754709            
10.987363           
10.830233           
11.290441           
9.950156            
8.819013            
8.330035            
7.959565            
10.161330           
10.842012           
7.659936            
9.967165            
8.820291            
11.141505           
11.347195           
11.247875           
10.238588           
9.086399            
8.668322            
8.802522            
11.220432           
8.586472            
8.175496            
8.962193            
9.014128            
8.546608            
8.338016            
8.497714            
9.453202            
7.697372            
8.336069            
10.179326           
12.644603           
10.649372           
8.817454            
9.035466            
7.935922            
9.346900            
10.843483           
9.500476            
11.202114           
8.390542            
8.648700            
7.866577            
10.647173           
11.557280           
9.288611            
9.405772            
9.700867            
10.718341           
8.565849            
8.078362            
9.242079            
10.647866           
9.560695            
7.477474            
10.561003           
7.923161            
9.825491            
9.791607            
8.937912            
9.442224            
9.784288            
8.615366            
9.171777            
9.229134            
9.018576            
7.365750            
9.336561            
10.757627           
10.148403           
10.225660           
7.637262            
8.493222            
9.411232            
9.626332            
7.680809            
9.247382            
9.863730            
9.537947            
10.721221           
8.932615            
8.708639            
7.546695            
12.149249           
9.996002            
9.207328            
9.465852            
9.366423            
10.132940           
9.730831            
9.048262            
9.061668            
8.954068            
9.968183            
9.014900            
7.347061            
8.978790            
8.166886            
7.115641            
9.130826            
11.044701           
9.152096            
8.795635            
11.464688           
8.349105            
