1                   430187                          -30.200000          -57.550000          921.96              2011/1/1          2011/12/31        1020                302.262368          1e-017              1796                989.33              1.82                2.00                19371691.00         F 
2                   430597                          -28.120000          -52.290000          365.18              2011/1/1          2011/12/31        832                 278.682809          1e-017              1492                785.88              1.90                2.06                15387987.00         T 
3                   293250                          -15.290000          -39.070000          974.78              2011/1/1          2011/12/31        1948                138.637356          1e-017              2830                3611.55             0.78                0.70                70716237.00         F 
4                   330490                          -22.820000          -43.050000          118.98              2011/1/1          2011/12/31        70                  126.747117          1e-017              365                 743.78              0.49                0.47                14563640.00         T 
5                   292405                          -11.830000          -39.610000          175.71              2011/1/1          2011/12/31        149                 81.379141           1e-017              156                 369.51              0.42                0.41                7235181.00          T 
6                   150170                          -1.060000           -46.770000          491.02              2011/1/1          2011/12/31        219                 80.799312           1e-017              242                 490.48              0.49                0.48                9603931.00          T 
7                   311150                          -19.690000          -46.170000          192.82              2011/1/1          2011/12/31        165                 64.428430           1e-017              356                 184.08              1.93                1.97                3604335.00          T 
8                   260960                          -8.000000           -34.850000          276.55              2011/1/1          2011/12/31        400                 58.208863           1e-017              472                 736.25              0.64                0.62                14416256.00         T 
9                   231330                          -6.000000           -40.290000          358.19              2011/1/1          2011/12/31        525                 37.638244           0.00000000000283    939                 706.47              1.33                1.36                13833113.00         T 
10                  130380                          -0.120000           -67.080000          0                   2011/1/1          2011/12/31        1                   23.832950           0.00000102          18                  1.97                9.15                9.17                38507.00            T 
11                  500769                          -19.390000          -54.560000          616.19              2011/1/1          2011/12/31        701                 22.636717           0.00000308          874                 696.53              1.25                1.28                13638543.00         T 
12                  351510                          -23.830000          -46.810000          35.65               2011/1/1          2011/12/31        17                  21.600875           0.00000805          134                 224.07              0.60                0.59                4387499.00          T 
13                  130020                          -4.370000           -70.190000          248.53              2011/1/1          2011/12/31        5                   19.431664           0.0000601           30                  7.40                4.06                4.07                144806.00           T 
14                  316030                          -16.530000          -40.170000          198.56              2011/1/1          2011/12/31        100                 16.161094           0.00124             58                  112.37              0.52                0.51                2200180.00          T 
15                  311547                          -15.350000          -42.960000          133.03              2011/1/1          2011/12/31        45                  15.635218           0.00202             81                  40.59               2.00                2.00                794844.00           T 
16                  290940                          -12.020000          -44.250000          149.45              2011/1/1          2011/12/31        23                  15.497094           0.00230             3                   24.81               0.12                0.12                485811.00           T 
17                  351390                          -21.660000          -46.730000          81.81               2011/1/1          2011/12/31        56                  15.017427           0.00359             123                 71.98               1.71                1.72                1409388.00          F 
18                  311490                          -20.790000          -43.930000          61.05               2011/1/1          2011/12/31        42                  13.443300           0.0120              70                  35.14               1.99                2.00                688056.00           T 
19                  313770                          -20.150000          -41.620000          38.58               2011/1/1          2011/12/31        12                  12.710323           0.0280              24                  6.95                3.45                3.46                136069.00           T 
20                  130270                          -5.800000           -61.290000          305.84              2011/1/1          2011/12/31        16                  11.851597           0.0640              6                   26.81               0.22                0.22                524996.00           F 
21                  310830                          -22.270000          -46.160000          68.93               2011/1/1          2011/12/31        58                  10.066710           0.311               85                  50.14               1.70                1.70                981806.00           F 
22                  211023                          -3.110000           -42.410000          46.40               2011/1/1          2011/12/31        10                  9.363679            0.502               0                   9.36                0                   0                   183259.00           F 
23                  354100                          -24.000000          -46.400000          0                   2011/1/1          2011/12/31        1                   8.928858            0.644               32                  13.65               2.34                2.35                267307.00           F 
24                  317140                          -20.860000          -42.240000          32.48               2011/1/1          2011/12/31        15                  8.625965            0.731               1                   12.11               0.083               0.082               237200.00           F 
25                  412540                          -23.910000          -49.650000          101.15              2011/1/1          2011/12/31        55                  8.449692            0.784               70                  41.05               1.71                1.71                803852.00           F 
26                  320503                          -20.670000          -41.000000          40.11               2011/1/1          2011/12/31        10                  8.154848            0.861               4                   18.21               0.22                0.22                356494.00           F 
27                  351040                          -22.990000          -47.500000          0                   2011/1/1          2011/12/31        1                   7.771777            0.935               11                  2.51                4.38                4.39                49122.00            F 
28                  350380                          -22.570000          -47.170000          21.21               2011/1/1          2011/12/31        5                   7.693713            0.951               1                   11.10               0.090               0.090               217247.00           F 
29                  352020                          -23.200000          -46.150000          40.50               2011/1/1          2011/12/31        14                  7.320639            0.978               63                  98.26               0.64                0.64                1923945.00          F 
